#1
double data(1000,2)
0.000000,0.511020
1.000000,0.730496
2.000000,0.870055
3.000000,0.927815
4.000000,0.934080
5.000000,0.973382
6.000000,0.954488
7.000000,1.000000
8.000000,1.000000
9.000000,0.954733
10.000000,1.000000
11.000000,1.000000
12.000000,0.999559
13.000000,0.989383
14.000000,0.975452
15.000000,0.979915
16.000000,1.000000
17.000000,1.000000
18.000000,1.000000
19.000000,1.000000
20.000000,1.000000
21.000000,1.000000
22.000000,1.000000
23.000000,0.976216
24.000000,0.943814
25.000000,0.962912
26.000000,0.964712
27.000000,1.000000
28.000000,0.951450
29.000000,0.969780
30.000000,0.967175
31.000000,0.957578
32.000000,0.982208
33.000000,0.992306
34.000000,1.000000
35.000000,0.982454
36.000000,0.952981
37.000000,0.958309
38.000000,0.933890
39.000000,0.970627
40.000000,1.000000
41.000000,0.959852
42.000000,0.952179
43.000000,0.931143
44.000000,0.963596
45.000000,0.987711
46.000000,0.979208
47.000000,1.000000
48.000000,1.000000
49.000000,0.971622
50.000000,0.984967
51.000000,0.966952
52.000000,1.000000
53.000000,1.000000
54.000000,0.964320
55.000000,0.933442
56.000000,0.931361
57.000000,0.941222
58.000000,0.940881
59.000000,0.981037
60.000000,1.000000
61.000000,0.998603
62.000000,1.000000
63.000000,0.953828
64.000000,1.000000
65.000000,0.984376
66.000000,1.000000
67.000000,1.000000
68.000000,0.965130
69.000000,0.989035
70.000000,1.000000
71.000000,0.982753
72.000000,0.760262
73.000000,0.617060
74.000000,0.597419
75.000000,0.556160
76.000000,0.492114
77.000000,0.529705
78.000000,0.514158
79.000000,0.533682
80.000000,0.479766
81.000000,0.516547
82.000000,0.528097
83.000000,0.522130
84.000000,0.502338
85.000000,0.465573
86.000000,0.505089
87.000000,0.479247
88.000000,0.445075
89.000000,0.452882
90.000000,0.487597
91.000000,0.506730
92.000000,0.547214
93.000000,0.559243
94.000000,0.513677
95.000000,0.538400
96.000000,0.542418
97.000000,0.510642
98.000000,0.489378
99.000000,0.472684
100.000000,0.448408
101.000000,0.426201
102.000000,0.502656
103.000000,0.476885
104.000000,0.530773
105.000000,0.554734
106.000000,0.521062
107.000000,0.489208
108.000000,0.543462
109.000000,0.552430
110.000000,0.552767
111.000000,0.556278
112.000000,0.498624
113.000000,0.542125
114.000000,0.487903
115.000000,0.473823
116.000000,0.500118
117.000000,0.463334
118.000000,0.492235
119.000000,0.493886
120.000000,0.541675
121.000000,0.477224
122.000000,0.528006
123.000000,0.539976
124.000000,0.519364
125.000000,0.480848
126.000000,0.459356
127.000000,0.755377
128.000000,0.848075
129.000000,0.967997
130.000000,1.000000
131.000000,1.000000
132.000000,1.000000
133.000000,0.955287
134.000000,0.945883
135.000000,0.992109
136.000000,1.000000
137.000000,1.000000
138.000000,0.960618
139.000000,0.998127
140.000000,1.000000
141.000000,1.000000
142.000000,1.000000
143.000000,0.992392
144.000000,0.976327
145.000000,0.985822
146.000000,1.000000
147.000000,1.000000
148.000000,1.000000
149.000000,0.982152
150.000000,0.971392
151.000000,0.710107
152.000000,0.631929
153.000000,0.516017
154.000000,0.461190
155.000000,0.478082
156.000000,0.495896
157.000000,0.538146
158.000000,0.564102
159.000000,0.539382
160.000000,0.538633
161.000000,0.513926
162.000000,0.475745
163.000000,0.482881
164.000000,0.535285
165.000000,0.491065
166.000000,0.524013
167.000000,0.506655
168.000000,0.476971
169.000000,0.481335
170.000000,0.453239
171.000000,0.440668
172.000000,0.444079
173.000000,0.438365
174.000000,0.456020
175.000000,0.471943
176.000000,0.514618
177.000000,0.492214
178.000000,0.451234
179.000000,0.435028
180.000000,0.474588
181.000000,0.460427
182.000000,0.510880
183.000000,0.546351
184.000000,0.485657
185.000000,0.473964
186.000000,0.461078
187.000000,0.525018
188.000000,0.511941
189.000000,0.522584
190.000000,0.545753
191.000000,0.564926
192.000000,0.581552
193.000000,0.551312
194.000000,0.482523
195.000000,0.444449
196.000000,0.425005
197.000000,0.511998
198.000000,0.550101
199.000000,0.562808
200.000000,0.505570
201.000000,0.484421
202.000000,0.506288
203.000000,0.549246
204.000000,0.511543
205.000000,0.555551
206.000000,0.551037
207.000000,0.560008
208.000000,0.498787
209.000000,0.525961
210.000000,0.477952
211.000000,0.528567
212.000000,0.470359
213.000000,0.436378
214.000000,0.747681
215.000000,0.830602
216.000000,0.873150
217.000000,0.938495
218.000000,0.983761
219.000000,1.000000
220.000000,0.960737
221.000000,0.953184
222.000000,1.000000
223.000000,1.000000
224.000000,1.000000
225.000000,0.971478
226.000000,0.948411
227.000000,1.000000
228.000000,0.950154
229.000000,0.944003
230.000000,0.997209
231.000000,1.000000
232.000000,1.000000
233.000000,1.000000
234.000000,1.000000
235.000000,0.980033
236.000000,0.965652
237.000000,1.000000
238.000000,1.000000
239.000000,1.000000
240.000000,1.000000
241.000000,1.000000
242.000000,0.981054
243.000000,1.000000
244.000000,1.000000
245.000000,0.960855
246.000000,0.973709
247.000000,0.946204
248.000000,0.952484
249.000000,0.962209
250.000000,0.935856
251.000000,0.924536
252.000000,0.931116
253.000000,0.948625
254.000000,0.943230
255.000000,1.000000
256.000000,1.000000
257.000000,1.000000
258.000000,0.986100
259.000000,0.956874
260.000000,1.000000
261.000000,0.963478
262.000000,0.950576
263.000000,0.958281
264.000000,1.000000
265.000000,1.000000
266.000000,0.984960
267.000000,0.964777
268.000000,0.984431
269.000000,0.975025
270.000000,1.000000
271.000000,1.000000
272.000000,1.000000
273.000000,0.971116
274.000000,1.000000
275.000000,0.968842
276.000000,0.994040
277.000000,1.000000
278.000000,1.000000
279.000000,0.976675
280.000000,1.000000
281.000000,0.984218
282.000000,0.997084
283.000000,1.000000
284.000000,0.961879
285.000000,1.000000
286.000000,0.993750
287.000000,0.984193
288.000000,1.000000
289.000000,1.000000
290.000000,1.000000
291.000000,0.966564
292.000000,0.955408
293.000000,0.959153
294.000000,0.970986
295.000000,0.955074
296.000000,0.973182
297.000000,1.000000
298.000000,0.710313
299.000000,0.562795
300.000000,0.559631
301.000000,0.500826
302.000000,0.471128
303.000000,0.496855
304.000000,0.465190
305.000000,0.457879
306.000000,0.451000
307.000000,0.488629
308.000000,0.498652
309.000000,0.470788
310.000000,0.488095
311.000000,0.479084
312.000000,0.534384
313.000000,0.566159
314.000000,0.549020
315.000000,0.501857
316.000000,0.543149
317.000000,0.537732
318.000000,0.475552
319.000000,0.529732
320.000000,0.524569
321.000000,0.495869
322.000000,0.507022
323.000000,0.479463
324.000000,0.531022
325.000000,0.474683
326.000000,0.525798
327.000000,0.505237
328.000000,0.503991
329.000000,0.540449
330.000000,0.518134
331.000000,0.520555
332.000000,0.524435
333.000000,0.515282
334.000000,0.512736
335.000000,0.550659
336.000000,0.537590
337.000000,0.565358
338.000000,0.507267
339.000000,0.488406
340.000000,0.514131
341.000000,0.516935
342.000000,0.546621
343.000000,0.514993
344.000000,0.501008
345.000000,0.507344
346.000000,0.499609
347.000000,0.481354
348.000000,0.486651
349.000000,0.524263
350.000000,0.741765
351.000000,0.836751
352.000000,0.871478
353.000000,0.898981
354.000000,0.934436
355.000000,0.960787
356.000000,1.000000
357.000000,1.000000
358.000000,0.955644
359.000000,0.947461
360.000000,0.958809
361.000000,0.969980
362.000000,1.000000
363.000000,1.000000
364.000000,1.000000
365.000000,0.991850
366.000000,0.993201
367.000000,1.000000
368.000000,1.000000
369.000000,1.000000
370.000000,0.989523
371.000000,0.954731
372.000000,0.952442
373.000000,0.937816
374.000000,0.997079
375.000000,1.000000
376.000000,0.957712
377.000000,1.000000
378.000000,1.000000
379.000000,0.993298
380.000000,1.000000
381.000000,0.985690
382.000000,0.985711
383.000000,0.997935
384.000000,0.954433
385.000000,0.945327
386.000000,0.977452
387.000000,1.000000
388.000000,0.951308
389.000000,0.936240
390.000000,0.937419
391.000000,1.000000
392.000000,0.960914
393.000000,0.959986
394.000000,1.000000
395.000000,1.000000
396.000000,1.000000
397.000000,0.984493
398.000000,0.694703
399.000000,0.561209
400.000000,0.503326
401.000000,0.504573
402.000000,0.512335
403.000000,0.513542
404.000000,0.474218
405.000000,0.477945
406.000000,0.497395
407.000000,0.512455
408.000000,0.476786
409.000000,0.511222
410.000000,0.521725
411.000000,0.483583
412.000000,0.455929
413.000000,0.452896
414.000000,0.473234
415.000000,0.461132
416.000000,0.501324
417.000000,0.497679
418.000000,0.455646
419.000000,0.519986
420.000000,0.532345
421.000000,0.527173
422.000000,0.530150
423.000000,0.465186
424.000000,0.450638
425.000000,0.505368
426.000000,0.551263
427.000000,0.483879
428.000000,0.501924
429.000000,0.480272
430.000000,0.512105
431.000000,0.532331
432.000000,0.497416
433.000000,0.522240
434.000000,0.488808
435.000000,0.506715
436.000000,0.802050
437.000000,0.881840
438.000000,0.938989
439.000000,0.971872
440.000000,0.939802
441.000000,0.970174
442.000000,0.970285
443.000000,0.950303
444.000000,1.000000
445.000000,0.951953
446.000000,1.000000
447.000000,0.956395
448.000000,0.929725
449.000000,0.982466
450.000000,0.986854
451.000000,0.972683
452.000000,0.989568
453.000000,0.954353
454.000000,1.000000
455.000000,1.000000
456.000000,1.000000
457.000000,1.000000
458.000000,1.000000
459.000000,0.974755
460.000000,0.994316
461.000000,0.978730
462.000000,0.944304
463.000000,1.000000
464.000000,0.967893
465.000000,0.969629
466.000000,1.000000
467.000000,0.957826
468.000000,0.953922
469.000000,0.963785
470.000000,1.000000
471.000000,0.960869
472.000000,0.952351
473.000000,0.929464
474.000000,0.935377
475.000000,0.983711
476.000000,0.996607
477.000000,0.981122
478.000000,0.976122
479.000000,1.000000
480.000000,1.000000
481.000000,0.716967
482.000000,0.625262
483.000000,0.600445
484.000000,0.542411
485.000000,0.478999
486.000000,0.468371
487.000000,0.529433
488.000000,0.491556
489.000000,0.494686
490.000000,0.473923
491.000000,0.462030
492.000000,0.443540
493.000000,0.462793
494.000000,0.506884
495.000000,0.454981
496.000000,0.436511
497.000000,0.516016
498.000000,0.501306
499.000000,0.518241
500.000000,0.469333
501.000000,0.441683
502.000000,0.514886
503.000000,0.547316
504.000000,0.474457
505.000000,0.505597
506.000000,0.506509
507.000000,0.461966
508.000000,0.482307
509.000000,0.455474
510.000000,0.484652
511.000000,0.514612
512.000000,0.491670
513.000000,0.487570
514.000000,0.499406
515.000000,0.512851
516.000000,0.541130
517.000000,0.475483
518.000000,0.510170
519.000000,0.554718
520.000000,0.510930
521.000000,0.456072
522.000000,0.489475
523.000000,0.498254
524.000000,0.508178
525.000000,0.493666
526.000000,0.530528
527.000000,0.547166
528.000000,0.555492
529.000000,0.573468
530.000000,0.519694
531.000000,0.463210
532.000000,0.460639
533.000000,0.526733
534.000000,0.716438
535.000000,0.882909
536.000000,0.955503
537.000000,0.951675
538.000000,1.000000
539.000000,0.988252
540.000000,0.989402
541.000000,1.000000
542.000000,1.000000
543.000000,0.997031
544.000000,1.000000
545.000000,0.959129
546.000000,0.931187
547.000000,0.931389
548.000000,0.936468
549.000000,0.950353
550.000000,0.933433
551.000000,0.977203
552.000000,1.000000
553.000000,1.000000
554.000000,1.000000
555.000000,0.960387
556.000000,0.944067
557.000000,0.958130
558.000000,0.940618
559.000000,0.995473
560.000000,0.973617
561.000000,1.000000
562.000000,1.000000
563.000000,1.000000
564.000000,0.952860
565.000000,0.967833
566.000000,1.000000
567.000000,0.783422
568.000000,0.678010
569.000000,0.584921
570.000000,0.509720
571.000000,0.510133
572.000000,0.481388
573.000000,0.475393
574.000000,0.512193
575.000000,0.470694
576.000000,0.529504
577.000000,0.492631
578.000000,0.526419
579.000000,0.471711
580.000000,0.512173
581.000000,0.550167
582.000000,0.526877
583.000000,0.516040
584.000000,0.516737
585.000000,0.544608
586.000000,0.527124
587.000000,0.470673
588.000000,0.468218
589.000000,0.453124
590.000000,0.478235
591.000000,0.446872
592.000000,0.446502
593.000000,0.460024
594.000000,0.451683
595.000000,0.511976
596.000000,0.551166
597.000000,0.546978
598.000000,0.531206
599.000000,0.550667
600.000000,0.497847
601.000000,0.541334
602.000000,0.483483
603.000000,0.500216
604.000000,0.491439
605.000000,0.498796
606.000000,0.460500
607.000000,0.469084
608.000000,0.531006
609.000000,0.502841
610.000000,0.472301
611.000000,0.452274
612.000000,0.429824
613.000000,0.477943
614.000000,0.450486
615.000000,0.503080
616.000000,0.470938
617.000000,0.446830
618.000000,0.493184
619.000000,0.524505
620.000000,0.509578
621.000000,0.458892
622.000000,0.521266
623.000000,0.553229
624.000000,0.495158
625.000000,0.453997
626.000000,0.480406
627.000000,0.495686
628.000000,0.457902
629.000000,0.447449
630.000000,0.490333
631.000000,0.500768
632.000000,0.516968
633.000000,0.476704
634.000000,0.475151
635.000000,0.485028
636.000000,0.469636
637.000000,0.477369
638.000000,0.533178
639.000000,0.473813
640.000000,0.501989
641.000000,0.503456
642.000000,0.487911
643.000000,0.519539
644.000000,0.486228
645.000000,0.510930
646.000000,0.545883
647.000000,0.552014
648.000000,0.566387
649.000000,0.576549
650.000000,0.581700
651.000000,0.502153
652.000000,0.543440
653.000000,0.511208
654.000000,0.544606
655.000000,0.572196
656.000000,0.546453
657.000000,0.545800
658.000000,0.533199
659.000000,0.509379
660.000000,0.496930
661.000000,0.528288
662.000000,0.498157
663.000000,0.538739
664.000000,0.525558
665.000000,0.514352
666.000000,0.480999
667.000000,0.510660
668.000000,0.472060
669.000000,0.439073
670.000000,0.475898
671.000000,0.497765
672.000000,0.504173
673.000000,0.465340
674.000000,0.513218
675.000000,0.458955
676.000000,0.496106
677.000000,0.503501
678.000000,0.742814
679.000000,0.846443
680.000000,0.901345
681.000000,0.947537
682.000000,0.963253
683.000000,0.999760
684.000000,0.976554
685.000000,1.000000
686.000000,1.000000
687.000000,1.000000
688.000000,1.000000
689.000000,0.994991
690.000000,1.000000
691.000000,1.000000
692.000000,0.979505
693.000000,0.976062
694.000000,0.996076
695.000000,1.000000
696.000000,0.987956
697.000000,0.982093
698.000000,0.972756
699.000000,0.970033
700.000000,1.000000
701.000000,0.991419
702.000000,0.963072
703.000000,1.000000
704.000000,1.000000
705.000000,0.956215
706.000000,1.000000
707.000000,1.000000
708.000000,1.000000
709.000000,1.000000
710.000000,1.000000
711.000000,0.970855
712.000000,0.991271
713.000000,1.000000
714.000000,1.000000
715.000000,0.995937
716.000000,0.949156
717.000000,1.000000
718.000000,0.978526
719.000000,1.000000
720.000000,0.951051
721.000000,0.931440
722.000000,0.975704
723.000000,1.000000
724.000000,1.000000
725.000000,1.000000
726.000000,1.000000
727.000000,0.961012
728.000000,0.981645
729.000000,0.975807
730.000000,1.000000
731.000000,1.000000
732.000000,1.000000
733.000000,0.958267
734.000000,0.957441
735.000000,1.000000
736.000000,1.000000
737.000000,0.953677
738.000000,0.977049
739.000000,1.000000
740.000000,0.981195
741.000000,0.967312
742.000000,0.988358
743.000000,1.000000
744.000000,0.970669
745.000000,0.957535
746.000000,1.000000
747.000000,1.000000
748.000000,0.984391
749.000000,0.993392
750.000000,0.952212
751.000000,1.000000
752.000000,0.716116
753.000000,0.612782
754.000000,0.582890
755.000000,0.567966
756.000000,0.492463
757.000000,0.476708
758.000000,0.479315
759.000000,0.508681
760.000000,0.460228
761.000000,0.500943
762.000000,0.522901
763.000000,0.507850
764.000000,0.530855
765.000000,0.534945
766.000000,0.495768
767.000000,0.530458
768.000000,0.522536
769.000000,0.472005
770.000000,0.519246
771.000000,0.501124
772.000000,0.541054
773.000000,0.525434
774.000000,0.535383
775.000000,0.560775
776.000000,0.495543
777.000000,0.518331
778.000000,0.492824
779.000000,0.540816
780.000000,0.484964
781.000000,0.535517
782.000000,0.493254
783.000000,0.533889
784.000000,0.479852
785.000000,0.456535
786.000000,0.513525
787.000000,0.544638
788.000000,0.502406
789.000000,0.458406
790.000000,0.495916
791.000000,0.779265
792.000000,0.903832
793.000000,0.971368
794.000000,1.000000
795.000000,0.958448
796.000000,0.957001
797.000000,0.954733
798.000000,1.000000
799.000000,0.986075
800.000000,0.954532
801.000000,1.000000
802.000000,0.960795
803.000000,1.000000
804.000000,0.966809
805.000000,0.977039
806.000000,1.000000
807.000000,1.000000
808.000000,1.000000
809.000000,0.992048
810.000000,1.000000
811.000000,0.979015
812.000000,0.991486
813.000000,1.000000
814.000000,1.000000
815.000000,0.969071
816.000000,1.000000
817.000000,1.000000
818.000000,1.000000
819.000000,0.970184
820.000000,0.964285
821.000000,1.000000
822.000000,1.000000
823.000000,1.000000
824.000000,1.000000
825.000000,0.961201
826.000000,0.976515
827.000000,0.943243
828.000000,1.000000
829.000000,0.976964
830.000000,0.939039
831.000000,0.963963
832.000000,0.983239
833.000000,0.989988
834.000000,1.000000
835.000000,0.976565
836.000000,0.720653
837.000000,0.569624
838.000000,0.535927
839.000000,0.554662
840.000000,0.535420
841.000000,0.477147
842.000000,0.476689
843.000000,0.440241
844.000000,0.519277
845.000000,0.557424
846.000000,0.553608
847.000000,0.545583
848.000000,0.536452
849.000000,0.524887
850.000000,0.548143
851.000000,0.508767
852.000000,0.543755
853.000000,0.511078
854.000000,0.462201
855.000000,0.502514
856.000000,0.475055
857.000000,0.506283
858.000000,0.548414
859.000000,0.569699
860.000000,0.584363
861.000000,0.586323
862.000000,0.528669
863.000000,0.464898
864.000000,0.512516
865.000000,0.490008
866.000000,0.485455
867.000000,0.526564
868.000000,0.475721
869.000000,0.508169
870.000000,0.503021
871.000000,0.535363
872.000000,0.490252
873.000000,0.479776
874.000000,0.463147
875.000000,0.443845
876.000000,0.445343
877.000000,0.519854
878.000000,0.529260
879.000000,0.522725
880.000000,0.516334
881.000000,0.473334
882.000000,0.496958
883.000000,0.473723
884.000000,0.458903
885.000000,0.521283
886.000000,0.497914
887.000000,0.492671
888.000000,0.474626
889.000000,0.514999
890.000000,0.466006
891.000000,0.507326
892.000000,0.550033
893.000000,0.565870
894.000000,0.552186
895.000000,0.491197
896.000000,0.486392
897.000000,0.462840
898.000000,0.710695
899.000000,0.879162
900.000000,0.930021
901.000000,0.937305
902.000000,0.959981
903.000000,0.967547
904.000000,0.978147
905.000000,0.960243
906.000000,0.935322
907.000000,1.000000
908.000000,1.000000
909.000000,1.000000
910.000000,0.974608
911.000000,0.997776
912.000000,0.961535
913.000000,0.997253
914.000000,0.973631
915.000000,1.000000
916.000000,0.955945
917.000000,0.971131
918.000000,1.000000
919.000000,0.966893
920.000000,1.000000
921.000000,1.000000
922.000000,0.733555
923.000000,0.569506
924.000000,0.524012
925.000000,0.498807
926.000000,0.501781
927.000000,0.480159
928.000000,0.517469
929.000000,0.465681
930.000000,0.468894
931.000000,0.502286
932.000000,0.466859
933.000000,0.522702
934.000000,0.553063
935.000000,0.499704
936.000000,0.494081
937.000000,0.535868
938.000000,0.533500
939.000000,0.545087
940.000000,0.534100
941.000000,0.535741
942.000000,0.480282
943.000000,0.519100
944.000000,0.553263
945.000000,0.568826
946.000000,0.570502
947.000000,0.557016
948.000000,0.799539
949.000000,0.948832
950.000000,0.991621
951.000000,0.996222
952.000000,0.972313
953.000000,1.000000
954.000000,0.980795
955.000000,1.000000
956.000000,1.000000
957.000000,0.956286
958.000000,0.989385
959.000000,1.000000
960.000000,1.000000
961.000000,1.000000
962.000000,0.987134
963.000000,1.000000
964.000000,0.967525
965.000000,1.000000
966.000000,1.000000
967.000000,1.000000
968.000000,1.000000
969.000000,1.000000
970.000000,1.000000
971.000000,1.000000
972.000000,1.000000
973.000000,0.980733
974.000000,1.000000
975.000000,1.000000
976.000000,1.000000
977.000000,0.953624
978.000000,0.936404
979.000000,0.956241
980.000000,0.948895
981.000000,0.936294
982.000000,0.698414
983.000000,0.554867
984.000000,0.570823
985.000000,0.567592
986.000000,0.572670
987.000000,0.568288
988.000000,0.540023
989.000000,0.524498
990.000000,0.490574
991.000000,0.522787
992.000000,0.537369
993.000000,0.519622
994.000000,0.503604
995.000000,0.464487
996.000000,0.530167
997.000000,0.530767
998.000000,0.497925
999.000000,0.467978
