#1
double data(6000,2) # time,power

0.000,2.107
0.100,6.801
0.200,7.013
0.300,6.693
0.400,6.950
0.500,6.985
0.600,6.811
0.700,7.021
0.800,6.891
0.900,6.910
1.000,6.845
1.100,6.820
1.200,6.800
1.300,6.711
1.400,6.948
1.500,20.305
1.600,7.633
1.700,8.103
1.800,8.053
1.900,8.228
2.000,10.572
2.100,11.361
2.200,7.975
2.300,8.347
2.400,12.086
2.500,8.505
2.600,8.505
2.700,8.404
2.800,8.186
2.900,8.376
3.000,8.103
3.100,8.337
3.200,8.623
3.300,8.721
3.400,8.808
3.500,8.530
3.600,8.485
3.700,8.773
3.800,8.546
3.900,8.885
4.000,8.316
4.100,8.662
4.200,9.021
4.300,9.332
4.400,9.104
4.500,8.880
4.600,8.601
4.700,8.948
4.800,9.107
4.900,8.827
5.000,8.863
5.100,10.154
5.200,9.363
5.300,9.370
5.400,9.512
5.500,9.719
5.600,9.267
5.700,9.823
5.800,9.473
5.900,9.217
6.000,9.455
6.100,9.876
6.200,10.065
6.300,9.641
6.400,10.260
6.500,23.440
6.600,25.478
6.700,30.282
6.800,26.515
6.900,25.536
7.000,25.889
7.100,27.805
7.200,25.532
7.300,27.278
7.400,36.495
7.500,27.968
7.600,26.356
7.700,26.320
7.800,27.797
7.900,33.917
8.000,26.785
8.100,27.525
8.200,26.728
8.300,31.764
8.400,31.341
8.500,29.910
8.600,28.775
8.700,27.209
8.800,32.262
8.900,28.375
9.000,35.883
9.100,29.716
9.200,27.436
9.300,27.489
9.400,32.722
9.500,28.326
9.600,31.026
9.700,27.486
9.800,29.269
9.900,28.054
10.000,30.506
10.100,36.128
10.200,29.564
10.300,27.425
10.400,33.388
10.500,29.185
10.600,29.895
10.700,29.120
10.800,32.691
10.900,28.759
11.000,27.684
11.100,32.529
11.200,28.126
11.300,28.463
11.400,27.911
11.500,27.633
11.600,29.087
11.700,32.293
11.800,30.573
11.900,29.885
12.000,28.460
12.100,32.073
12.200,29.056
12.300,30.812
12.400,28.407
12.500,30.507
12.600,29.173
12.700,32.894
12.800,31.546
12.900,31.019
13.000,28.541
13.100,28.447
13.200,29.856
13.300,36.181
13.400,28.538
13.500,29.902
13.600,28.488
13.700,34.371
13.800,32.248
13.900,30.854
14.000,34.557
14.100,29.353
14.200,28.913
14.300,32.860
14.400,31.821
14.500,29.302
14.600,28.399
14.700,33.715
14.800,34.295
14.900,33.899
15.000,30.643
15.100,33.364
15.200,28.895
15.300,35.833
15.400,29.884
15.500,29.337
15.600,29.328
15.700,30.909
15.800,29.023
15.900,30.114
16.000,32.469
16.100,31.297
16.200,30.065
16.300,29.363
16.400,30.356
16.500,37.304
16.600,29.122
16.700,30.398
16.800,29.308
16.900,35.011
17.000,35.514
17.100,32.262
17.200,31.221
17.300,28.906
17.400,34.711
17.500,30.619
17.600,29.695
17.700,30.171
17.800,32.690
17.900,29.692
18.000,31.055
18.100,30.192
18.200,32.621
18.300,33.931
18.400,30.488
18.500,29.573
18.600,33.580
18.700,32.387
18.800,29.845
18.900,31.442
19.000,29.364
19.100,32.536
19.200,38.174
19.300,30.976
19.400,31.024
19.500,29.275
19.600,31.561
19.700,30.911
19.800,31.635
19.900,30.025
20.000,30.597
20.100,35.569
20.200,34.365
20.300,33.002
20.400,30.001
20.500,31.805
20.600,29.990
20.700,33.400
20.800,30.333
20.900,30.876
21.000,33.047
21.100,30.008
21.200,34.247
21.300,37.841
21.400,30.150
21.500,30.644
21.600,29.454
21.700,35.617
21.800,31.475
21.900,33.459
22.000,29.831
22.100,29.659
22.200,29.975
22.300,31.234
22.400,32.745
22.500,30.895
22.600,29.716
22.700,29.834
22.800,31.476
22.900,36.744
23.000,30.822
23.100,31.535
23.200,29.762
23.300,36.157
23.400,31.164
23.500,29.432
23.600,30.116
23.700,33.336
23.800,30.392
23.900,35.245
24.000,32.364
24.100,31.983
24.200,30.114
24.300,35.284
24.400,31.632
24.500,38.049
24.600,33.213
24.700,33.567
24.800,29.931
24.900,34.983
25.000,37.903
25.100,29.916
25.200,31.119
25.300,30.095
25.400,36.863
25.500,30.632
25.600,33.615
25.700,30.948
25.800,29.966
25.900,35.946
26.000,31.136
26.100,37.981
26.200,30.745
26.300,30.684
26.400,30.422
26.500,35.657
26.600,31.639
26.700,32.265
26.800,36.175
26.900,30.294
27.000,30.617
27.100,37.241
27.200,33.312
27.300,31.029
27.400,29.607
27.500,30.796
27.600,34.144
27.700,30.085
27.800,31.389
27.900,33.905
28.000,30.346
28.100,31.731
28.200,32.084
28.300,32.398
28.400,35.504
28.500,31.325
28.600,30.811
28.700,31.721
28.800,32.612
28.900,35.376
29.000,31.186
29.100,30.610
29.200,37.245
29.300,33.495
29.400,31.355
29.500,29.810
29.600,37.267
29.700,32.246
29.800,38.238
29.900,30.026
30.000,33.049
30.100,30.632
30.200,32.205
30.300,32.095
30.400,32.623
30.500,36.719
30.600,31.402
30.700,30.654
30.800,36.437
30.900,32.974
31.000,32.739
31.100,30.354
31.200,30.781
31.300,37.341
31.400,33.340
31.500,30.907
31.600,30.482
31.700,36.155
31.800,32.163
31.900,38.410
32.000,32.790
32.100,34.683
32.200,30.836
32.300,36.899
32.400,31.795
32.500,33.974
32.600,36.199
32.700,31.314
32.800,30.863
32.900,35.634
33.000,33.988
33.100,33.219
33.200,30.317
33.300,36.862
33.400,32.024
33.500,38.622
33.600,30.296
33.700,33.435
33.800,31.033
33.900,32.311
34.000,32.164
34.100,32.451
34.200,36.599
34.300,31.405
34.400,30.918
34.500,31.089
34.600,30.538
34.700,31.559
34.800,29.759
34.900,30.634
35.000,32.302
35.100,30.749
35.200,31.612
35.300,30.295
35.400,30.809
35.500,32.077
35.600,32.083
35.700,32.638
35.800,36.632
35.900,31.578
36.000,30.644
36.100,31.974
36.200,30.912
36.300,30.610
36.400,33.674
36.500,30.577
36.600,34.958
36.700,30.352
36.800,31.917
36.900,33.502
37.000,30.880
37.100,32.117
37.200,36.581
37.300,33.700
37.400,33.034
37.500,30.613
37.600,32.390
37.700,32.337
37.800,33.904
37.900,37.235
38.000,31.482
38.100,31.108
38.200,36.611
38.300,31.102
38.400,31.646
38.500,30.284
38.600,30.798
38.700,32.450
38.800,39.555
38.900,32.325
39.000,34.458
39.100,30.707
39.200,39.323
39.300,33.274
39.400,33.106
39.500,36.451
39.600,31.109
39.700,32.543
39.800,32.091
39.900,34.801
40.000,31.458
40.100,31.874
40.200,31.001
40.300,31.251
40.400,30.575
40.500,31.703
40.600,32.178
40.700,32.689
40.800,32.613
40.900,32.476
41.000,33.165
41.100,30.539
41.200,30.882
41.300,37.713
41.400,32.214
41.500,32.801
41.600,37.220
41.700,31.656
41.800,30.880
41.900,36.550
42.000,31.409
42.100,30.719
42.200,30.517
42.300,30.914
42.400,35.223
42.500,34.805
42.600,33.919
42.700,30.898
42.800,30.566
42.900,36.049
43.000,31.910
43.100,34.104
43.200,30.924
43.300,31.135
43.400,30.896
43.500,32.454
43.600,30.663
43.700,30.173
43.800,33.683
43.900,30.798
44.000,32.064
44.100,39.113
44.200,31.620
44.300,33.848
44.400,30.905
44.500,36.277
44.600,31.918
44.700,32.891
44.800,30.524
44.900,30.898
45.000,38.923
45.100,31.857
45.200,30.442
45.300,30.667
45.400,34.717
45.500,30.648
45.600,31.739
45.700,30.466
45.800,31.584
45.900,29.831
46.000,30.949
46.100,31.913
46.200,38.361
46.300,33.736
46.400,33.977
46.500,30.756
46.600,32.094
46.700,31.923
46.800,34.389
46.900,36.343
47.000,31.635
47.100,30.721
47.200,31.775
47.300,30.599
47.400,30.730
47.500,34.633
47.600,30.821
47.700,35.528
47.800,34.579
47.900,33.252
48.000,31.158
48.100,35.897
48.200,32.269
48.300,37.769
48.400,30.796
48.500,31.513
48.600,37.157
48.700,32.110
48.800,34.646
48.900,33.401
49.000,36.293
49.100,31.424
49.200,32.089
49.300,38.128
49.400,35.823
49.500,33.571
49.600,30.869
49.700,31.305
49.800,36.398
49.900,35.159
50.000,30.926
50.100,35.966
50.200,30.597
50.300,35.599
50.400,38.064
50.500,31.807
50.600,35.280
50.700,30.883
50.800,32.282
50.900,34.903
51.000,35.798
51.100,31.091
51.200,31.083
51.300,38.459
51.400,32.215
51.500,34.923
51.600,31.088
51.700,31.938
51.800,31.239
51.900,35.883
52.000,35.721
52.100,33.962
52.200,31.614
52.300,31.358
52.400,36.846
52.500,30.968
52.600,31.210
52.700,30.825
52.800,37.719
52.900,32.845
53.000,38.551
53.100,30.984
53.200,33.148
53.300,30.843
53.400,32.682
53.500,32.094
53.600,34.179
53.700,37.048
53.800,31.836
53.900,31.655
54.000,36.517
54.100,35.766
54.200,30.964
54.300,36.373
54.400,31.281
54.500,32.541
54.600,30.984
54.700,33.774
54.800,31.344
54.900,30.863
55.000,32.648
55.100,40.156
55.200,36.596
55.300,31.766
55.400,31.382
55.500,37.000
55.600,32.671
55.700,35.802
55.800,37.936
55.900,31.260
56.000,37.531
56.100,32.650
56.200,32.779
56.300,38.009
56.400,32.278
56.500,31.884
56.600,37.121
56.700,36.185
56.800,34.355
56.900,31.364
57.000,31.194
57.100,36.707
57.200,35.835
57.300,34.293
57.400,31.433
57.500,42.337
57.600,33.155
57.700,39.637
57.800,36.220
57.900,31.319
58.000,30.874
58.100,32.817
58.200,32.927
58.300,34.571
58.400,35.964
58.500,31.828
58.600,33.076
58.700,33.025
58.800,34.129
58.900,38.040
59.000,32.237
59.100,32.732
59.200,39.377
59.300,36.455
59.400,34.192
59.500,31.437
59.600,31.680
59.700,37.003
59.800,35.709
59.900,33.928
60.000,32.119
60.100,39.620
60.200,33.033
60.300,39.505
60.400,32.919
60.500,36.974
60.600,31.627
60.700,33.531
60.800,41.897
60.900,37.090
61.000,31.609
61.100,31.582
61.200,37.855
61.300,33.250
61.400,36.942
61.500,39.492
61.600,32.558
61.700,31.914
61.800,38.317
61.900,32.186
62.000,31.769
62.100,38.158
62.200,32.024
62.300,36.566
62.400,32.001
62.500,34.504
62.600,31.355
62.700,34.745
62.800,32.931
62.900,41.633
63.000,37.410
63.100,31.435
63.200,31.740
63.300,33.558
63.400,40.220
63.500,31.618
63.600,33.928
63.700,31.527
63.800,38.364
63.900,33.145
64.000,31.544
64.100,31.989
64.200,38.966
64.300,31.959
64.400,36.376
64.500,32.061
64.600,32.103
64.700,32.729
64.800,32.111
64.900,37.939
65.000,35.861
65.100,34.563
65.200,32.050
65.300,31.535
65.400,33.146
65.500,41.663
65.600,37.810
65.700,31.940
65.800,39.470
65.900,33.416
66.000,40.207
66.100,32.101
66.200,33.408
66.300,32.049
66.400,38.921
66.500,32.701
66.600,31.820
66.700,33.233
66.800,33.230
66.900,32.155
67.000,32.876
67.100,31.828
67.200,32.096
67.300,32.983
67.400,32.009
67.500,36.537
67.600,39.491
67.700,33.149
67.800,37.169
67.900,32.427
68.000,33.699
68.100,33.981
68.200,34.884
68.300,32.105
68.400,32.071
68.500,38.496
68.600,33.487
68.700,36.632
68.800,33.446
68.900,31.635
69.000,38.854
69.100,33.341
69.200,36.728
69.300,32.095
69.400,38.096
69.500,32.988
69.600,37.417
69.700,36.739
69.800,31.629
69.900,32.168
70.000,31.817
70.100,33.390
70.200,41.370
70.300,37.869
70.400,37.357
70.500,31.950
70.600,34.004
70.700,34.151
70.800,37.729
70.900,31.878
71.000,39.583
71.100,33.786
71.200,39.843
71.300,33.889
71.400,39.567
71.500,31.758
71.600,38.999
71.700,33.637
71.800,36.890
71.900,32.062
72.000,32.795
72.100,32.622
72.200,39.170
72.300,36.207
72.400,34.957
72.500,32.296
72.600,37.511
72.700,33.979
72.800,35.517
72.900,37.464
73.000,31.933
73.100,32.027
73.200,33.342
73.300,42.348
73.400,38.854
73.500,32.489
73.600,32.371
73.700,34.441
73.800,33.619
73.900,34.955
74.000,39.436
74.100,33.098
74.200,32.566
74.300,39.459
74.400,36.708
74.500,32.881
74.600,33.288
74.700,32.495
74.800,37.502
74.900,32.452
75.000,32.963
75.100,32.110
75.200,31.900
75.300,33.490
75.400,41.554
75.500,33.167
75.600,38.805
75.700,31.880
75.800,33.760
75.900,41.467
76.000,39.747
76.100,32.340
76.200,31.908
76.300,40.037
76.400,34.111
76.500,38.396
76.600,39.448
76.700,33.169
76.800,32.609
76.900,33.579
77.000,32.279
77.100,32.564
77.200,38.892
77.300,38.540
77.400,38.442
77.500,37.293
77.600,35.238
77.700,31.989
77.800,32.049
77.900,33.514
78.000,42.342
78.100,34.609
78.200,32.260
78.300,31.923
78.400,33.945
78.500,35.776
78.600,38.789
78.700,32.132
78.800,32.274
78.900,38.466
79.000,33.777
79.100,38.183
79.200,39.032
79.300,33.017
79.400,34.131
79.500,33.945
79.600,37.037
79.700,39.609
79.800,32.920
79.900,32.759
80.000,39.716
80.100,36.275
80.200,34.650
80.300,32.318
80.400,32.063
80.500,34.133
80.600,32.266
80.700,33.174
80.800,32.288
80.900,40.513
81.000,34.078
81.100,41.166
81.200,32.455
81.300,33.609
81.400,31.974
81.500,33.968
81.600,33.949
81.700,38.480
81.800,40.502
81.900,32.759
82.000,40.714
82.100,33.824
82.200,32.248
82.300,32.946
82.400,34.725
82.500,32.250
82.600,37.789
82.700,32.637
82.800,33.529
82.900,32.551
83.000,40.736
83.100,38.686
83.200,32.600
83.300,33.227
83.400,31.744
83.500,40.746
83.600,33.602
83.700,35.904
83.800,38.799
83.900,32.427
84.000,32.575
84.100,41.351
84.200,33.965
84.300,38.544
84.400,34.783
84.500,32.453
84.600,39.187
84.700,35.295
84.800,33.200
84.900,32.634
85.000,33.237
85.100,32.719
85.200,38.853
85.300,33.904
85.400,32.918
85.500,32.298
85.600,32.725
85.700,38.274
85.800,36.987
85.900,34.933
86.000,32.741
86.100,40.102
86.200,34.218
86.300,37.289
86.400,39.433
86.500,32.556
86.600,32.763
86.700,38.586
86.800,40.243
86.900,39.884
87.000,32.423
87.100,32.601
87.200,39.119
87.300,33.809
87.400,32.591
87.500,33.137
87.600,33.138
87.700,32.690
87.800,32.877
87.900,36.467
88.000,35.529
88.100,33.788
88.200,32.866
88.300,39.724
88.400,36.539
88.500,35.420
88.600,32.137
88.700,32.075
88.800,33.670
88.900,42.324
89.000,39.267
89.100,32.361
89.200,32.650
89.300,34.118
89.400,40.623
89.500,32.604
89.600,32.234
89.700,32.689
89.800,39.238
89.900,34.199
90.000,38.622
90.100,40.736
90.200,33.640
90.300,33.950
90.400,39.056
90.500,37.112
90.600,40.318
90.700,33.277
90.800,32.751
90.900,37.818
91.000,36.374
91.100,34.828
91.200,32.440
91.300,32.108
91.400,34.094
91.500,42.232
91.600,39.951
91.700,32.589
91.800,40.459
91.900,34.016
92.000,47.666
92.100,40.064
92.200,32.026
92.300,32.627
92.400,34.218
92.500,34.154
92.600,34.114
92.700,40.071
92.800,33.653
92.900,33.813
93.000,33.983
93.100,38.994
93.200,40.169
93.300,33.655
93.400,33.061
93.500,33.198
93.600,32.793
93.700,33.195
93.800,31.717
93.900,41.085
94.000,34.372
94.100,35.212
94.200,39.194
94.300,32.388
94.400,40.879
94.500,34.314
94.600,40.889
94.700,33.777
94.800,34.485
94.900,32.353
95.000,38.997
95.100,33.842
95.200,32.746
95.300,32.851
95.400,39.817
95.500,39.342
95.600,37.459
95.700,37.417
95.800,35.124
95.900,32.724
96.000,32.272
96.100,33.946
96.200,37.474
96.300,33.735
96.400,32.662
96.500,40.631
96.600,34.300
96.700,34.786
96.800,33.672
96.900,39.622
97.000,32.568
97.100,34.489
97.200,34.248
97.300,37.155
97.400,40.781
97.500,33.611
97.600,33.184
97.700,37.834
97.800,37.254
97.900,35.417
98.000,33.461
98.100,32.732
98.200,38.723
98.300,33.725
98.400,35.347
98.500,32.429
98.600,32.338
98.700,34.136
98.800,43.306
98.900,39.059
99.000,32.687
99.100,32.607
99.200,34.187
99.300,40.408
99.400,32.295
99.500,34.428
99.600,32.426
99.700,39.044
99.800,33.839
99.900,38.629
100.000,33.479
100.100,33.077
100.200,32.549
100.300,40.040
100.400,32.900
100.500,40.765
100.600,33.201
100.700,32.668
100.800,39.286
100.900,35.389
101.000,32.847
101.100,32.157
101.200,39.319
101.300,33.350
101.400,39.812
101.500,32.827
101.600,32.174
101.700,39.348
101.800,33.679
101.900,39.036
102.000,34.734
102.100,33.908
102.200,32.211
102.300,40.863
102.400,33.464
102.500,37.873
102.600,32.061
102.700,33.010
102.800,32.385
102.900,33.398
103.000,32.321
103.100,32.340
103.200,38.024
103.300,32.465
103.400,37.450
103.500,32.470
103.600,33.131
103.700,34.983
103.800,38.896
103.900,33.455
104.000,39.587
104.100,35.329
104.200,38.021
104.300,32.387
104.400,34.195
104.500,33.761
104.600,34.615
104.700,34.616
104.800,32.005
104.900,38.683
105.000,33.472
105.100,32.301
105.200,32.309
105.300,38.976
105.400,39.117
105.500,32.694
105.600,37.647
105.700,35.130
105.800,32.272
105.900,39.946
106.000,33.840
106.100,39.075
106.200,35.762
106.300,33.332
106.400,32.221
106.500,39.901
106.600,39.495
106.700,32.304
106.800,32.527
106.900,32.195
107.000,38.874
107.100,33.807
107.200,38.578
107.300,33.933
107.400,33.323
107.500,32.513
107.600,38.917
107.700,32.246
107.800,32.827
107.900,38.918
108.000,32.729
108.100,38.068
108.200,32.645
108.300,32.842
108.400,32.216
108.500,46.400
108.600,33.824
108.700,39.819
108.800,32.630
108.900,33.610
109.000,32.414
109.100,33.739
109.200,37.214
109.300,38.382
109.400,32.407
109.500,32.588
109.600,38.423
109.700,33.791
109.800,38.937
109.900,40.181
110.000,33.565
110.100,33.006
110.200,40.265
110.300,37.141
110.400,33.071
110.500,33.627
110.600,32.760
110.700,38.610
110.800,37.398
110.900,33.618
111.000,38.576
111.100,32.265
111.200,33.557
111.300,40.388
111.400,33.306
111.500,40.250
111.600,32.408
111.700,33.863
111.800,41.275
111.900,39.965
112.000,32.816
112.100,32.634
112.200,38.987
112.300,33.939
112.400,39.330
112.500,40.738
112.600,33.115
112.700,33.158
112.800,34.172
112.900,39.560
113.000,40.272
113.100,33.332
113.200,41.356
113.300,39.403
113.400,37.377
113.500,32.292
113.600,36.828
113.700,32.427
113.800,34.206
113.900,32.842
114.000,33.495
114.100,32.594
114.200,32.427
114.300,37.409
114.400,32.244
114.500,33.639
114.600,36.220
114.700,40.877
114.800,34.240
114.900,40.264
115.000,32.621
115.100,32.600
115.200,33.071
115.300,33.978
115.400,42.305
115.500,39.860
115.600,32.778
115.700,32.879
115.800,34.596
115.900,33.966
116.000,36.867
116.100,41.108
116.200,33.280
116.300,39.406
116.400,38.475
116.500,37.620
116.600,40.968
116.700,33.556
116.800,39.673
116.900,37.429
117.000,37.652
117.100,32.887
117.200,39.261
117.300,32.689
117.400,39.614
117.500,32.647
117.600,33.171
117.700,32.416
117.800,32.922
117.900,39.203
118.000,32.679
118.100,33.263
118.200,32.491
118.300,40.889
118.400,34.029
118.500,36.997
118.600,41.178
118.700,33.018
118.800,32.515
118.900,34.288
119.000,36.300
119.100,40.989
119.200,33.138
119.300,32.983
119.400,32.628
119.500,40.218
119.600,34.143
119.700,34.335
119.800,32.805
119.900,39.275
120.000,34.024
120.100,32.849
120.200,32.764
120.300,32.713
120.400,39.318
120.500,33.844
120.600,37.275
120.700,32.613
120.800,40.293
120.900,32.755
121.000,37.013
121.100,32.335
121.200,33.775
121.300,39.800
121.400,32.742
121.500,37.891
121.600,33.381
121.700,34.049
121.800,32.451
121.900,41.783
122.000,33.608
122.100,39.806
122.200,32.381
122.300,34.898
122.400,32.751
122.500,39.500
122.600,34.670
122.700,32.872
122.800,34.936
122.900,32.290
123.000,41.120
123.100,34.148
123.200,32.496
123.300,33.055
123.400,33.627
123.500,32.768
123.600,39.661
123.700,37.566
123.800,34.587
123.900,41.171
124.000,39.807
124.100,33.913
124.200,32.859
124.300,32.768
124.400,41.002
124.500,32.586
124.600,42.249
124.700,33.005
124.800,33.744
124.900,32.356
125.000,41.748
125.100,34.199
125.200,32.821
125.300,33.599
125.400,32.583
125.500,47.737
125.600,34.234
125.700,42.059
125.800,40.792
125.900,40.932
126.000,32.957
126.100,34.381
126.200,33.966
126.300,35.542
126.400,41.224
126.500,32.721
126.600,34.499
126.700,36.444
126.800,35.136
126.900,40.808
127.000,33.401
127.100,43.054
127.200,34.073
127.300,32.776
127.400,32.820
127.500,40.394
127.600,32.999
127.700,33.970
127.800,32.878
127.900,41.113
128.000,33.773
128.100,32.993
128.200,38.513
128.300,37.571
128.400,35.663
128.500,32.577
128.600,32.483
128.700,33.629
128.800,41.929
128.900,33.736
129.000,32.694
129.100,32.347
129.200,33.960
129.300,32.616
129.400,33.738
129.500,40.680
129.600,41.600
129.700,34.206
129.800,40.827
129.900,32.646
130.000,34.862
130.100,33.074
130.200,34.240
130.300,41.841
130.400,36.675
130.500,39.870
130.600,32.771
130.700,34.507
130.800,33.573
130.900,35.615
131.000,40.960
131.100,32.634
131.200,41.636
131.300,34.102
131.400,32.450
131.500,34.804
131.600,32.559
131.700,39.620
131.800,34.207
131.900,32.577
132.000,32.862
132.100,33.613
132.200,33.233
132.300,38.311
132.400,36.700
132.500,32.443
132.600,41.210
132.700,39.812
132.800,38.494
132.900,37.510
133.000,33.122
133.100,41.538
133.200,33.037
133.300,43.500
133.400,32.105
133.500,33.718
133.600,32.774
133.700,42.351
133.800,34.512
133.900,33.196
134.000,33.704
134.100,32.819
134.200,32.470
134.300,37.546
134.400,32.170
134.500,33.645
134.600,32.805
134.700,41.915
134.800,34.354
134.900,40.779
135.000,32.984
135.100,32.820
135.200,42.178
135.300,34.240
135.400,40.785
135.500,34.046
135.600,32.916
135.700,32.959
135.800,39.101
135.900,34.499
136.000,41.098
136.100,41.871
136.200,33.523
136.300,39.248
136.400,40.997
136.500,33.350
136.600,34.241
136.700,32.664
136.800,39.560
136.900,34.599
137.000,37.586
137.100,39.151
137.200,33.934
137.300,33.453
137.400,39.122
137.500,37.764
137.600,35.862
137.700,33.632
137.800,33.142
137.900,38.318
138.000,37.744
138.100,32.760
138.200,39.810
138.300,32.907
138.400,39.343
138.500,37.593
138.600,35.760
138.700,32.837
138.800,32.573
138.900,37.901
139.000,37.491
139.100,32.722
139.200,33.259
139.300,32.933
139.400,34.476
139.500,32.885
139.600,33.833
139.700,40.094
139.800,42.847
139.900,34.398
140.000,40.770
140.100,32.947
140.200,39.656
140.300,42.448
140.400,34.207
140.500,41.924
140.600,40.917
140.700,35.334
140.800,32.995
140.900,34.521
141.000,34.519
141.100,35.833
141.200,41.643
141.300,33.206
141.400,34.332
141.500,34.442
141.600,35.897
141.700,41.587
141.800,33.595
141.900,39.783
142.000,33.849
142.100,37.563
142.200,32.811
142.300,41.938
142.400,33.267
142.500,36.267
142.600,37.863
142.700,33.114
142.800,33.586
142.900,33.131
143.000,41.076
143.100,37.993
143.200,35.251
143.300,33.004
143.400,32.160
143.500,34.557
143.600,42.276
143.700,39.152
143.800,41.622
143.900,32.516
144.000,34.404
144.100,42.152
144.200,35.715
144.300,41.772
144.400,32.963
144.500,34.691
144.600,41.145
144.700,41.687
144.800,33.467
144.900,32.892
145.000,35.088
145.100,38.092
145.200,42.198
145.300,33.127
145.400,33.090
145.500,40.852
145.600,34.134
145.700,41.131
145.800,42.045
145.900,34.049
146.000,33.291
146.100,39.179
146.200,37.939
146.300,32.744
146.400,33.381
146.500,32.968
146.600,39.210
146.700,37.895
146.800,33.174
146.900,33.920
147.000,33.098
147.100,38.714
147.200,33.718
147.300,34.701
147.400,32.867
147.500,41.373
147.600,39.279
147.700,37.721
147.800,36.094
147.900,33.090
148.000,32.671
148.100,34.078
148.200,41.841
148.300,33.944
148.400,40.815
148.500,35.453
148.600,34.465
148.700,41.608
148.800,32.729
148.900,32.937
149.000,34.210
149.100,33.954
149.200,42.523
149.300,34.116
149.400,41.130
149.500,32.432
149.600,34.645
149.700,40.665
149.800,32.678
149.900,35.057
150.000,32.683
150.100,34.567
150.200,41.380
150.300,32.733
150.400,35.103
150.500,32.570
150.600,39.918
150.700,34.254
150.800,33.066
150.900,33.044
151.000,39.256
151.100,39.120
151.200,37.980
151.300,37.673
151.400,42.040
151.500,33.389
151.600,40.158
151.700,34.257
151.800,37.674
151.900,32.900
152.000,47.365
152.100,33.120
152.200,42.943
152.300,32.689
152.400,33.877
152.500,32.120
152.600,32.959
152.700,38.995
152.800,33.096
152.900,33.892
153.000,32.893
153.100,32.445
153.200,34.304
153.300,32.566
153.400,34.201
153.500,32.760
153.600,42.546
153.700,34.523
153.800,33.375
153.900,33.793
154.000,32.764
154.100,42.231
154.200,34.455
154.300,41.398
154.400,34.695
154.500,33.442
154.600,32.977
154.700,38.094
154.800,34.281
154.900,35.617
155.000,42.064
155.100,32.699
155.200,42.223
155.300,40.725
155.400,32.957
155.500,32.692
155.600,32.662
155.700,39.841
155.800,34.135
155.900,34.689
156.000,42.270
156.100,33.030
156.200,39.958
156.300,33.969
156.400,37.848
156.500,41.656
156.600,32.593
156.700,39.596
156.800,33.866
156.900,33.158
157.000,32.639
157.100,40.199
157.200,32.820
157.300,39.836
157.400,37.881
157.500,32.211
157.600,33.095
157.700,38.840
157.800,38.184
157.900,36.963
158.000,32.583
158.100,40.215
158.200,32.176
158.300,41.801
158.400,32.966
158.500,33.510
158.600,31.992
158.700,41.228
158.800,37.361
158.900,33.294
159.000,33.548
159.100,32.712
159.200,40.971
159.300,33.526
159.400,40.480
159.500,33.555
159.600,36.482
159.700,41.146
159.800,33.814
159.900,39.512
160.000,32.404
160.100,32.621
160.200,41.073
160.300,33.664
160.400,39.858
160.500,33.247
160.600,32.271
160.700,32.520
160.800,38.581
160.900,33.988
161.000,38.286
161.100,40.935
161.200,33.357
161.300,34.077
161.400,33.871
161.500,36.181
161.600,34.614
161.700,32.406
161.800,39.117
161.900,34.207
162.000,33.363
162.100,32.748
162.200,33.427
162.300,32.887
162.400,38.426
162.500,37.336
162.600,40.359
162.700,33.285
162.800,38.834
162.900,37.054
163.000,37.745
163.100,32.446
163.200,40.515
163.300,33.019
163.400,42.897
163.500,32.818
163.600,33.013
163.700,32.998
163.800,32.791
163.900,38.071
164.000,37.705
164.100,34.866
164.200,32.705
164.300,32.634
164.400,33.544
164.500,36.751
164.600,33.342
164.700,32.802
164.800,41.389
164.900,33.540
165.000,32.697
165.100,33.439
165.200,32.303
165.300,41.098
165.400,34.196
165.500,39.554
165.600,32.590
165.700,33.320
165.800,32.862
165.900,33.932
166.000,33.882
166.100,35.553
166.200,40.872
166.300,32.318
166.400,34.091
166.500,34.684
166.600,35.546
166.700,40.682
166.800,33.418
166.900,39.750
167.000,33.919
167.100,32.896
167.200,32.848
167.300,40.003
167.400,32.860
167.500,33.688
167.600,37.918
167.700,35.175
167.800,33.091
167.900,32.734
168.000,38.658
168.100,37.609
168.200,35.929
168.300,32.578
168.400,32.587
168.500,33.632
168.600,40.904
168.700,33.895
168.800,32.351
168.900,32.491
169.000,33.444
169.100,40.848
169.200,33.926
169.300,40.619
169.400,33.447
169.500,34.952
169.600,33.520
169.700,35.445
169.800,37.019
169.900,32.499
170.000,34.068
170.100,39.954
170.200,40.303
170.300,32.504
170.400,32.698
170.500,39.342
170.600,34.539
170.700,39.865
170.800,42.153
170.900,33.337
171.000,33.247
171.100,39.987
171.200,37.493
171.300,41.835
171.400,34.146
171.500,32.901
171.600,38.850
171.700,37.561
171.800,35.537
171.900,32.904
172.000,32.325
172.100,37.686
172.200,32.439
172.300,33.712
172.400,32.990
172.500,33.407
172.600,39.315
172.700,32.503
172.800,33.761
172.900,32.649
173.000,42.389
173.100,34.166
173.200,40.552
173.300,33.284
173.400,32.921
173.500,32.867
173.600,39.140
173.700,40.227
173.800,33.387
173.900,32.907
174.000,32.600
174.100,39.380
174.200,40.706
174.300,34.875
174.400,34.236
174.500,32.600
174.600,39.582
174.700,34.339
174.800,35.833
174.900,34.625
175.000,32.775
175.100,34.397
175.200,34.171
175.300,41.579
175.400,42.143
175.500,33.750
175.600,33.099
175.700,38.427
175.800,37.625
175.900,35.722
176.000,32.719
176.100,32.300
176.200,33.108
176.300,37.733
176.400,32.887
176.500,40.839
176.600,33.194
176.700,37.841
176.800,32.910
176.900,33.846
177.000,40.732
177.100,42.596
177.200,34.354
177.300,40.772
177.400,33.061
177.500,32.044
177.600,42.833
177.700,34.466
177.800,40.741
177.900,33.143
178.000,34.533
178.100,32.749
178.200,39.378
178.300,34.164
178.400,36.094
178.500,41.939
178.600,32.606
178.700,34.540
178.800,34.006
178.900,36.044
179.000,41.591
179.100,32.852
179.200,41.990
179.300,34.075
179.400,32.964
179.500,33.087
179.600,34.426
179.700,32.966
179.800,38.802
179.900,37.771
180.000,33.881
180.100,33.860
180.200,33.129
180.300,38.528
180.400,32.305
180.500,34.942
180.600,33.811
180.700,32.767
180.800,33.973
180.900,41.529
181.000,34.162
181.100,41.384
181.200,32.469
181.300,34.207
181.400,41.197
181.500,33.827
181.600,41.969
181.700,32.807
181.800,34.966
181.900,40.287
182.000,35.346
182.100,38.074
182.200,32.952
182.300,40.439
182.400,34.705
182.500,35.261
182.600,33.534
182.700,33.225
182.800,39.893
182.900,34.247
183.000,39.647
183.100,42.032
183.200,34.829
183.300,41.404
183.400,40.177
183.500,37.763
183.600,32.835
183.700,33.951
183.800,38.990
183.900,39.543
184.000,36.918
184.100,36.148
184.200,33.563
184.300,32.921
184.400,34.299
184.500,41.572
184.600,38.319
184.700,32.886
184.800,43.084
184.900,41.427
185.000,32.892
185.100,34.182
185.200,33.043
185.300,43.056
185.400,34.663
185.500,41.031
185.600,33.359
185.700,35.263
185.800,32.988
185.900,39.544
186.000,34.681
186.100,32.832
186.200,35.562
186.300,33.062
186.400,39.759
186.500,34.668
186.600,33.438
186.700,33.762
186.800,34.537
186.900,39.854
187.000,41.732
187.100,36.828
187.200,35.762
187.300,41.948
187.400,33.949
187.500,33.332
187.600,37.838
187.700,35.503
187.800,33.337
187.900,33.099
188.000,34.656
188.100,42.306
188.200,42.438
188.300,33.405
188.400,33.072
188.500,39.954
188.600,40.748
188.700,37.952
188.800,33.511
188.900,33.321
189.000,34.928
189.100,40.954
189.200,33.366
189.300,34.524
189.400,33.406
189.500,39.999
189.600,34.528
189.700,33.609
189.800,33.417
189.900,33.231
190.000,39.410
190.100,34.430
190.200,33.387
190.300,33.564
190.400,41.392
190.500,33.304
190.600,42.008
190.700,33.471
190.800,34.218
190.900,33.058
191.000,42.763
191.100,34.423
191.200,33.272
191.300,33.651
191.400,40.394
191.500,33.493
191.600,37.722
191.700,33.128
191.800,34.227
191.900,33.254
192.000,43.391
192.100,34.412
192.200,41.105
192.300,33.603
192.400,41.722
192.500,40.278
192.600,34.723
192.700,41.089
192.800,33.818
192.900,34.721
193.000,33.033
193.100,39.912
193.200,35.222
193.300,35.893
193.400,41.804
193.500,34.127
193.600,34.665
193.700,34.683
193.800,40.642
193.900,42.666
194.000,34.068
194.100,37.769
194.200,39.080
194.300,37.561
194.400,35.597
194.500,32.978
194.600,33.190
194.700,34.395
194.800,33.407
194.900,33.422
195.000,37.067
195.100,33.238
195.200,34.224
195.300,32.739
195.400,33.919
195.500,33.087
195.600,42.941
195.700,34.620
195.800,41.321
195.900,33.483
196.000,34.624
196.100,43.092
196.200,34.777
196.300,40.781
196.400,33.252
196.500,34.511
196.600,33.324
196.700,39.547
196.800,34.308
196.900,41.513
197.000,43.058
197.100,34.099
197.200,33.303
197.300,34.420
197.400,39.396
197.500,42.466
197.600,33.877
197.700,36.789
197.800,38.762
197.900,38.042
198.000,33.061
198.100,41.480
198.200,33.171
198.300,37.669
198.400,32.866
198.500,34.043
198.600,41.146
198.700,33.036
198.800,34.590
198.900,32.579
199.000,33.866
199.100,41.420
199.200,33.924
199.300,34.744
199.400,38.643
199.500,41.350
199.600,33.228
199.700,33.073
199.800,34.528
199.900,41.012
200.000,32.835
200.100,35.619
200.200,33.567
200.300,38.818
200.400,34.894
200.500,41.291
200.600,43.129
200.700,34.184
200.800,33.276
200.900,35.579
201.000,37.009
201.100,33.890
201.200,33.916
201.300,33.329
201.400,36.319
201.500,37.806
201.600,33.292
201.700,42.754
201.800,33.528
201.900,37.683
202.000,33.407
202.100,34.173
202.200,40.791
202.300,32.878
202.400,37.177
202.500,32.638
202.600,34.142
202.700,33.597
202.800,41.653
202.900,34.631
203.000,41.086
203.100,33.330
203.200,34.434
203.300,33.218
203.400,39.920
203.500,41.220
203.600,35.202
203.700,33.157
203.800,33.078
203.900,39.438
204.000,34.811
204.100,41.622
204.200,43.315
204.300,34.054
204.400,33.512
204.500,33.471
204.600,33.181
204.700,33.973
204.800,40.770
204.900,33.419
205.000,40.721
205.100,33.508
205.200,34.100
205.300,32.758
205.400,43.482
205.500,35.050
205.600,41.301
205.700,33.006
205.800,33.107
205.900,33.243
206.000,34.434
206.100,40.841
206.200,41.471
206.300,33.014
206.400,33.132
206.500,39.437
206.600,34.513
206.700,41.568
206.800,42.680
206.900,34.094
207.000,33.437
207.100,35.536
207.200,35.778
207.300,33.486
207.400,41.837
207.500,33.332
207.600,35.381
207.700,33.292
207.800,33.962
207.900,33.164
208.000,32.745
208.100,34.265
208.200,41.608
208.300,42.292
208.400,42.190
208.500,42.279
208.600,34.409
208.700,42.012
208.800,42.611
208.900,42.091
209.000,33.073
209.100,34.849
209.200,34.457
209.300,35.678
209.400,42.363
209.500,33.336
209.600,35.811
209.700,34.331
209.800,35.622
209.900,42.217
210.000,33.754
210.100,39.920
210.200,35.061
210.300,41.585
210.400,42.378
210.500,34.094
210.600,33.552
210.700,34.079
210.800,37.867
210.900,36.063
211.000,34.061
211.100,33.230
211.200,34.909
211.300,37.489
211.400,36.328
211.500,33.181
211.600,32.613
211.700,33.957
211.800,41.602
211.900,40.968
212.000,32.932
212.100,39.779
212.200,35.018
212.300,33.178
212.400,34.042
212.500,38.980
212.600,43.021
212.700,34.284
212.800,39.932
212.900,32.983
213.000,35.126
213.100,32.904
213.200,40.386
213.300,33.699
213.400,40.923
213.500,35.332
213.600,32.839
213.700,38.913
213.800,34.127
213.900,40.314
214.000,33.720
214.100,33.747
214.200,33.168
214.300,38.421
214.400,37.794
214.500,33.010
214.600,41.081
214.700,34.018
214.800,38.162
214.900,37.884
215.000,35.587
215.100,32.485
215.200,32.413
215.300,33.668
215.400,39.731
215.500,33.461
215.600,39.961
215.700,33.527
215.800,34.048
215.900,39.815
216.000,41.022
216.100,40.877
216.200,32.792
216.300,33.979
216.400,39.521
216.500,33.102
216.600,32.797
216.700,32.974
216.800,39.421
216.900,34.076
217.000,32.528
217.100,32.886
217.200,32.744
217.300,34.417
217.400,33.669
217.500,32.773
217.600,33.023
217.700,33.491
217.800,32.819
217.900,33.458
218.000,35.013
218.100,35.323
218.200,33.061
218.300,38.617
218.400,34.161
218.500,37.789
218.600,32.782
218.700,34.206
218.800,32.625
218.900,37.349
219.000,31.906
219.100,33.335
219.200,32.574
219.300,41.450
219.400,34.511
219.500,39.556
219.600,32.863
219.700,40.105
219.800,38.940
219.900,34.479
220.000,39.533
220.100,35.106
220.200,35.258
220.300,32.508
220.400,39.315
220.500,34.087
220.600,40.276
220.700,37.755
220.800,33.488
220.900,39.217
221.000,34.124
221.100,40.238
221.200,33.789
221.300,33.643
221.400,32.990
221.500,37.899
221.600,32.678
221.700,33.570
221.800,32.856
221.900,42.301
222.000,34.376
222.100,33.058
222.200,33.397
222.300,40.582
222.400,33.260
222.500,34.370
222.600,40.350
222.700,42.192
222.800,34.059
222.900,32.838
223.000,34.117
223.100,34.431
223.200,35.470
223.300,41.464
223.400,32.843
223.500,34.481
223.600,35.024
223.700,38.539
223.800,42.217
223.900,33.682
224.000,33.427
224.100,38.261
224.200,37.819
224.300,33.028
224.400,33.121
224.500,32.839
224.600,35.014
224.700,37.659
224.800,42.120
224.900,33.830
225.000,33.384
225.100,39.692
225.200,37.756
225.300,35.732
225.400,33.305
225.500,32.658
225.600,34.221
225.700,40.344
225.800,37.472
225.900,32.694
226.000,33.033
226.100,34.417
226.200,41.057
226.300,37.891
226.400,41.539
226.500,33.227
226.600,34.352
226.700,40.444
226.800,35.887
226.900,32.987
227.000,33.123
227.100,34.493
227.200,40.748
227.300,33.434
227.400,35.197
227.500,32.965
227.600,39.370
227.700,34.296
227.800,41.683
227.900,43.070
228.000,33.736
228.100,32.996
228.200,34.772
228.300,37.555
228.400,33.671
228.500,33.824
228.600,33.314
228.700,37.823
228.800,37.672
228.900,35.806
229.000,40.745
229.100,32.994
229.200,33.806
229.300,33.042
229.400,33.660
229.500,32.936
229.600,33.184
229.700,33.963
229.800,35.886
229.900,33.586
230.000,32.912
230.100,43.344
230.200,34.735
230.300,38.926
230.400,42.403
230.500,32.881
230.600,33.113
230.700,34.495
230.800,40.169
230.900,42.832
231.000,33.137
231.100,33.229
231.200,34.828
231.300,40.412
231.400,35.687
231.500,34.374
231.600,32.688
231.700,34.493
231.800,34.493
231.900,33.435
232.000,33.961
232.100,32.731
232.200,38.712
232.300,34.494
232.400,33.377
232.500,33.201
232.600,33.455
232.700,33.194
232.800,34.060
232.900,33.259
233.000,33.683
233.100,33.031
233.200,33.641
233.300,39.687
233.400,37.922
233.500,35.654
233.600,33.005
233.700,32.816
233.800,34.313
233.900,32.427
234.000,33.979
234.100,34.587
234.200,44.057
234.300,34.385
234.400,40.773
234.500,32.884
234.600,41.802
234.700,34.535
234.800,34.994
234.900,41.185
235.000,33.286
235.100,32.521
235.200,32.567
235.300,35.889
235.400,41.566
235.500,32.819
235.600,35.143
235.700,32.833
235.800,34.688
235.900,41.240
236.000,33.008
236.100,35.348
236.200,32.913
236.300,38.762
236.400,34.393
236.500,33.098
236.600,33.838
236.700,34.243
236.800,33.316
236.900,33.624
237.000,33.475
237.100,33.290
237.200,42.370
237.300,33.604
237.400,39.175
237.500,37.839
237.600,35.563
237.700,34.215
237.800,32.794
237.900,37.322
238.000,32.711
238.100,33.841
238.200,32.817
238.300,33.031
238.400,38.120
238.500,33.495
238.600,33.764
238.700,32.935
238.800,43.410
238.900,34.656
239.000,41.016
239.100,33.276
239.200,34.635
239.300,33.187
239.400,40.566
239.500,41.821
239.600,43.130
239.700,41.504
239.800,33.075
239.900,34.763
240.000,34.582
240.100,35.480
240.200,42.927
240.300,33.603
240.400,34.535
240.500,33.489
240.600,37.917
240.700,35.911
240.800,33.909
240.900,33.149
241.000,39.731
241.100,37.937
241.200,35.977
241.300,33.052
241.400,32.754
241.500,34.193
241.600,32.533
241.700,34.022
241.800,33.397
241.900,43.822
242.000,37.997
242.100,33.293
242.200,33.975
242.300,41.900
242.400,35.724
242.500,34.923
242.600,41.110
242.700,33.050
242.800,35.336
242.900,33.274
243.000,34.881
243.100,34.175
243.200,32.972
243.300,43.267
243.400,33.948
243.500,34.527
243.600,33.924
243.700,33.006
243.800,43.914
243.900,34.200
244.000,33.285
244.100,37.541
244.200,37.866
244.300,35.588
244.400,33.134
244.500,33.643
244.600,38.495
244.700,38.135
244.800,33.098
244.900,39.261
245.000,32.598
245.100,38.054
245.200,32.592
245.300,33.881
245.400,32.769
245.500,43.421
245.600,34.552
245.700,33.241
245.800,33.818
245.900,33.256
246.000,43.143
246.100,34.613
246.200,42.471
246.300,43.190
246.400,39.251
246.500,33.260
246.600,34.766
246.700,34.386
246.800,35.522
246.900,34.192
247.000,33.979
247.100,34.926
247.200,40.725
247.300,35.425
247.400,33.474
247.500,33.118
247.600,39.778
247.700,34.352
247.800,33.110
247.900,36.069
248.000,34.031
248.100,39.309
248.200,34.537
248.300,35.350
248.400,43.046
248.500,33.363
248.600,34.840
248.700,34.253
248.800,33.134
248.900,33.662
249.000,33.916
249.100,33.204
249.200,33.889
249.300,37.379
249.400,35.057
249.500,34.067
249.600,33.551
249.700,34.340
249.800,37.810
249.900,35.825
250.000,33.194
250.100,33.338
250.200,37.404
250.300,33.374
250.400,33.542
250.500,32.958
250.600,44.150
250.700,33.127
250.800,33.772
250.900,33.891
251.000,32.808
251.100,44.306
251.200,34.715
251.300,42.585
251.400,41.688
251.500,32.944
251.600,33.051
251.700,34.826
251.800,34.762
251.900,35.904
252.000,33.197
252.100,33.235
252.200,34.642
252.300,40.939
252.400,33.328
252.500,35.479
252.600,33.022
252.700,39.145
252.800,34.341
252.900,41.431
253.000,44.769
253.100,34.101
253.200,41.984
253.300,34.462
253.400,42.131
253.500,44.620
253.600,33.979
253.700,33.030
253.800,37.852
253.900,37.673
254.000,35.413
254.100,33.994
254.200,32.819
254.300,34.446
254.400,38.176
254.500,33.778
254.600,33.825
254.700,33.565
254.800,37.857
254.900,37.991
255.000,35.752
255.100,33.409
255.200,32.529
255.300,33.799
255.400,42.321
255.500,42.337
255.600,42.504
255.700,32.387
255.800,34.095
255.900,41.963
256.000,43.358
256.100,41.052
256.200,32.997
256.300,34.726
256.400,41.486
256.500,43.477
256.600,33.153
256.700,33.084
256.800,38.925
256.900,41.396
257.000,33.550
257.100,32.962
257.200,33.270
257.300,41.460
257.400,34.523
257.500,41.760
257.600,43.794
257.700,34.102
257.800,33.426
257.900,38.188
258.000,38.076
258.100,33.357
258.200,33.780
258.300,34.476
258.400,34.174
258.500,42.341
258.600,43.696
258.700,33.776
258.800,33.423
258.900,33.094
259.000,37.719
259.100,36.112
259.200,32.929
259.300,32.904
259.400,39.168
259.500,37.153
259.600,36.008
259.700,33.050
259.800,32.865
259.900,34.089
260.000,41.583
260.100,39.390
260.200,42.660
260.300,34.064
260.400,34.742
260.500,35.062
260.600,32.971
260.700,32.999
260.800,45.059
260.900,34.755
261.000,41.134
261.100,33.704
261.200,35.218
261.300,33.141
261.400,40.695
261.500,34.629
261.600,41.070
261.700,33.448
261.800,33.659
261.900,39.797
262.000,34.353
262.100,41.570
262.200,41.079
262.300,34.181
262.400,32.925
262.500,33.455
262.600,33.241
262.700,34.932
262.800,33.987
262.900,32.990
263.000,34.295
263.100,32.020
263.200,35.635
263.300,37.502
263.400,32.363
263.500,34.506
263.600,41.530
263.700,43.295
263.800,42.625
263.900,33.131
264.000,34.822
264.100,39.273
264.200,35.560
264.300,39.077
264.400,33.176
264.500,34.799
264.600,33.489
264.700,36.039
264.800,33.240
264.900,33.319
265.000,41.560
265.100,34.387
265.200,42.312
265.300,44.350
265.400,34.167
265.500,33.455
265.600,34.668
265.700,42.649
265.800,43.687
265.900,33.739
266.000,33.183
266.100,38.999
266.200,38.184
266.300,35.874
266.400,32.773
266.500,40.205
266.600,34.352
266.700,42.376
266.800,41.615
266.900,40.281
267.000,32.875
267.100,38.123
267.200,33.085
267.300,33.898
267.400,33.027
267.500,45.319
267.600,34.368
267.700,41.001
267.800,33.118
267.900,32.985
268.000,32.875
268.100,34.628
268.200,40.811
268.300,37.970
268.400,32.900
268.500,33.356
268.600,38.740
268.700,34.108
268.800,40.855
268.900,44.194
269.000,34.732
269.100,40.134
269.200,34.011
269.300,34.038
269.400,35.152
269.500,32.693
269.600,38.171
269.700,33.817
269.800,39.471
269.900,33.493
270.000,33.515
270.100,33.050
270.200,32.925
270.300,37.697
270.400,34.018
270.500,33.147
270.600,32.837
270.700,33.953
270.800,37.120
270.900,33.182
271.000,32.605
271.100,32.627
271.200,33.825
271.300,32.959
271.400,33.744
271.500,33.105
271.600,41.969
271.700,34.064
271.800,32.092
271.900,33.738
272.000,41.280
272.100,32.747
272.200,34.054
272.300,39.129
272.400,32.725
272.500,33.853
272.600,32.602
272.700,39.511
272.800,33.810
272.900,33.561
273.000,41.826
273.100,33.014
273.200,40.717
273.300,34.167
273.400,36.812
273.500,42.113
273.600,32.646
273.700,33.956
273.800,38.012
273.900,37.791
274.000,32.770
274.100,40.667
274.200,32.793
274.300,36.784
274.400,37.675
274.500,32.911
274.600,40.489
274.700,33.136
274.800,38.193
274.900,32.754
275.000,33.756
275.100,32.482
275.200,43.080
275.300,34.093
275.400,40.050
275.500,33.933
275.600,32.514
275.700,32.693
275.800,33.763
275.900,40.035
276.000,40.208
276.100,40.675
276.200,32.743
276.300,34.358
276.400,33.324
276.500,35.317
276.600,41.677
276.700,32.573
276.800,34.417
276.900,34.317
277.000,35.790
277.100,42.898
277.200,33.914
277.300,34.463
277.400,39.374
277.500,33.438
277.600,33.042
277.700,33.643
277.800,32.987
277.900,34.195
278.000,33.149
278.100,33.048
278.200,33.773
278.300,33.119
278.400,38.333
278.500,36.839
278.600,35.672
278.700,33.129
278.800,32.546
278.900,33.541
279.000,40.562
279.100,34.578
279.200,41.835
279.300,32.474
279.400,33.906
279.500,39.786
279.600,33.519
279.700,32.543
279.800,42.856
279.900,34.176
280.000,39.901
280.100,42.464
280.200,33.011
280.300,33.185
280.400,35.471
280.500,36.210
280.600,42.432
280.700,32.940
280.800,33.292
280.900,39.311
281.000,34.713
281.100,39.503
281.200,42.662
281.300,33.691
281.400,34.150
281.500,33.023
281.600,37.239
281.700,33.145
281.800,33.914
281.900,34.401
282.000,38.768
282.100,37.630
282.200,33.068
282.300,41.136
282.400,33.013
282.500,34.047
282.600,41.031
282.700,34.197
282.800,41.626
282.900,33.301
283.000,34.682
283.100,40.667
283.200,34.542
283.300,33.661
283.400,33.003
283.500,39.776
283.600,34.467
283.700,38.246
283.800,35.769
283.900,32.747
284.000,38.937
284.100,34.513
284.200,32.771
284.300,35.426
284.400,32.835
284.500,38.810
284.600,34.148
284.700,39.329
284.800,33.569
284.900,33.912
285.000,33.113
285.100,33.773
285.200,38.006
285.300,34.495
285.400,33.239
285.500,33.098
285.600,39.011
285.700,38.306
285.800,35.341
285.900,43.488
286.000,33.397
286.100,38.372
286.200,33.308
286.300,33.812
286.400,32.855
286.500,43.746
286.600,34.149
286.700,34.134
286.800,33.899
286.900,33.023
287.000,43.487
287.100,34.263
287.200,40.654
287.300,44.352
287.400,33.028
287.500,32.930
287.600,34.268
287.700,34.853
287.800,35.710
287.900,33.800
288.000,44.415
288.100,39.613
288.200,41.011
288.300,33.077
288.400,34.225
288.500,33.288
288.600,38.899
288.700,34.164
288.800,41.585
288.900,43.702
289.000,34.060
289.100,33.696
289.200,34.280
289.300,41.145
289.400,43.099
289.500,33.538
289.600,34.468
289.700,36.801
289.800,35.905
289.900,33.145
290.000,41.568
290.100,33.281
290.200,34.089
290.300,38.007
290.400,35.236
290.500,34.176
290.600,33.504
290.700,39.225
290.800,38.174
290.900,35.874
291.000,32.653
291.100,32.834
291.200,34.405
291.300,41.516
291.400,34.280
291.500,42.157
291.600,45.238
291.700,33.686
291.800,36.890
291.900,33.910
292.000,42.250
292.100,33.763
292.200,34.677
292.300,40.619
292.400,41.586
292.500,33.094
292.600,32.902
292.700,35.586
292.800,34.898
292.900,32.734
293.000,32.911
293.100,33.132
293.200,42.463
293.300,34.933
293.400,36.038
293.500,42.498
293.600,32.816
293.700,34.455
293.800,34.443
293.900,33.106
294.000,33.377
294.100,38.434
294.200,40.141
294.300,34.729
294.400,40.532
294.500,44.656
294.600,33.999
294.700,34.797
294.800,34.249
294.900,33.088
295.000,33.331
295.100,34.134
295.200,33.308
295.300,39.639
295.400,38.205
295.500,43.398
295.600,33.948
295.700,33.791
295.800,38.012
295.900,38.205
296.000,35.479
296.100,33.207
296.200,32.840
296.300,34.769
296.400,33.844
296.500,33.810
296.600,33.131
296.700,33.554
296.800,33.885
296.900,33.258
297.000,33.964
297.100,32.875
297.200,44.124
297.300,34.669
297.400,42.296
297.500,42.379
297.600,43.531
297.700,33.272
297.800,34.920
297.900,41.852
298.000,42.717
298.100,42.053
298.200,33.488
298.300,34.878
298.400,40.266
298.500,34.432
298.600,33.130
298.700,32.890
298.800,35.048
298.900,34.421
299.000,35.981
299.100,43.849
299.200,33.330
299.300,34.590
299.400,33.983
299.500,34.809
299.600,39.712
299.700,32.796
299.800,34.469
299.900,34.388
300.000,33.488
300.100,33.221
300.200,41.653
300.300,33.303
300.400,34.319
300.500,33.073
300.600,33.086
300.700,34.026
300.800,34.958
300.900,33.989
301.000,37.881
301.100,33.297
301.200,40.938
301.300,33.208
301.400,34.315
301.500,33.498
301.600,33.808
301.700,41.137
301.800,33.443
301.900,38.550
302.000,32.772
302.100,33.905
302.200,32.762
302.300,45.143
302.400,34.774
302.500,41.270
302.600,41.521
302.700,33.226
302.800,45.770
302.900,33.360
303.000,34.835
303.100,34.185
303.200,32.913
303.300,45.413
303.400,34.641
303.500,34.866
303.600,41.643
303.700,32.608
303.800,33.637
303.900,39.379
304.000,34.451
304.100,35.928
304.200,32.992
304.300,33.405
304.400,34.812
304.500,34.681
304.600,35.913
304.700,44.319
304.800,32.944
304.900,35.014
305.000,34.702
305.100,36.159
305.200,44.264
305.300,33.934
305.400,34.613
305.500,34.745
305.600,36.313
305.700,45.006
305.800,33.901
305.900,34.475
306.000,38.378
306.100,38.290
306.200,33.151
306.300,43.916
306.400,33.154
306.500,34.640
306.600,32.699
306.700,35.692
306.800,33.120
306.900,32.700
307.000,33.933
307.100,35.510
307.200,33.877
307.300,33.560
307.400,43.821
307.500,34.438
307.600,42.544
307.700,44.542
307.800,38.008
307.900,42.873
308.000,34.923
308.100,41.451
308.200,39.702
308.300,39.873
308.400,33.231
308.500,34.526
308.600,34.071
308.700,35.693
308.800,35.833
308.900,32.915
309.000,42.130
309.100,40.242
309.200,44.330
309.300,33.202
309.400,32.662
309.500,39.598
309.600,34.725
309.700,41.674
309.800,43.537
309.900,33.820
310.000,34.385
310.100,38.781
310.200,37.985
310.300,32.977
310.400,33.528
310.500,34.819
310.600,34.279
310.700,33.386
310.800,32.979
310.900,41.436
311.000,32.893
311.100,33.542
311.200,37.943
311.300,32.970
311.400,33.765
311.500,32.995
311.600,33.171
311.700,37.855
311.800,32.934
311.900,41.435
312.000,33.045
312.100,38.135
312.200,33.412
312.300,33.948
312.400,33.031
312.500,45.217
312.600,34.600
312.700,40.958
312.800,41.199
312.900,32.900
313.000,45.012
313.100,34.468
313.200,39.201
313.300,34.491
313.400,32.820
313.500,45.616
313.600,34.677
313.700,41.250
313.800,33.585
313.900,34.533
314.000,32.816
314.100,34.332
314.200,41.204
314.300,41.797
314.400,33.097
314.500,33.442
314.600,35.599
314.700,34.768
314.800,36.157
314.900,43.707
315.000,32.817
315.100,34.409
315.200,34.767
315.300,33.327
315.400,33.062
315.500,33.205
315.600,38.409
315.700,34.549
315.800,36.143
315.900,44.579
316.000,33.469
316.100,34.818
316.200,34.209
316.300,33.149
316.400,33.025
316.500,41.210
316.600,40.563
316.700,34.442
316.800,33.278
316.900,33.256
317.000,34.056
317.100,33.326
317.200,33.718
317.300,38.003
317.400,35.561
317.500,44.026
317.600,33.232
317.700,33.048
317.800,38.029
317.900,35.174
318.000,33.626
318.100,33.630
318.200,34.270
318.300,37.842
318.400,35.231
318.500,33.122
318.600,33.045
318.700,34.394
318.800,41.528
318.900,38.566
319.000,42.380
319.100,32.706
319.200,33.754
319.300,33.223
319.400,34.016
319.500,32.729
319.600,33.163
319.700,34.420
319.800,33.030
319.900,33.823
320.000,41.355
320.100,39.501
320.200,34.776
320.300,38.421
320.400,33.798
320.500,32.003
320.600,44.188
320.700,34.719
320.800,41.143
320.900,33.211
321.000,34.851
321.100,32.886
321.200,39.551
321.300,34.354
321.400,42.823
321.500,42.763
321.600,33.274
321.700,37.522
321.800,41.162
321.900,33.080
322.000,34.257
322.100,33.220
322.200,40.172
322.300,34.027
322.400,42.662
322.500,42.802
322.600,33.818
322.700,33.536
322.800,34.194
322.900,36.279
323.000,43.019
323.100,33.583
323.200,34.714
323.300,34.018
323.400,32.958
323.500,33.308
323.600,34.302
323.700,33.052
323.800,38.888
323.900,37.986
324.000,32.861
324.100,32.824
324.200,34.008
324.300,33.579
324.400,32.683
324.500,33.141
324.600,33.677
324.700,32.919
324.800,33.723
324.900,37.249
325.000,36.220
325.100,32.487
325.200,31.838
325.300,40.162
325.400,37.876
325.500,34.577
325.600,32.439
325.700,32.693
325.800,34.128
325.900,33.034
326.000,32.676
326.100,32.631
326.200,43.322
326.300,34.017
326.400,40.817
326.500,39.325
326.600,32.598
326.700,32.237
326.800,33.691
326.900,40.182
327.000,33.522
327.100,40.984
327.200,33.168
327.300,34.840
327.400,39.556
327.500,32.712
327.600,34.425
327.700,32.713
327.800,33.907
327.900,39.399
328.000,32.800
328.100,40.081
328.200,36.278
328.300,34.019
328.400,39.396
328.500,32.715
328.600,32.604
328.700,32.705
328.800,39.313
328.900,33.874
329.000,35.852
329.100,32.571
329.200,32.813
329.300,33.808
329.400,34.281
329.500,34.748
329.600,41.458
329.700,32.501
329.800,34.073
329.900,34.201
330.000,32.544
330.100,33.068
330.200,33.471
330.300,33.891
330.400,34.088
330.500,34.819
330.600,35.421
330.700,32.617
330.800,39.922
330.900,33.988
331.000,40.425
331.100,38.906
331.200,33.624
331.300,32.906
331.400,39.320
331.500,36.595
331.600,43.190
331.700,34.003
331.800,33.430
331.900,38.258
332.000,37.542
332.100,33.076
332.200,42.017
332.300,33.136
332.400,38.678
332.500,36.951
332.600,32.934
332.700,42.292
332.800,34.215
332.900,34.077
333.000,32.809
333.100,32.793
333.200,41.547
333.300,33.019
333.400,37.050
333.500,32.397
333.600,33.320
333.700,32.699
333.800,42.901
333.900,34.162
334.000,32.777
334.100,33.868
334.200,33.682
334.300,32.776
334.400,38.127
334.500,32.287
334.600,33.719
334.700,32.549
334.800,42.761
334.900,34.304
335.000,37.244
335.100,42.426
335.200,33.593
335.300,32.617
335.400,34.075
335.500,41.384
335.600,34.032
335.700,41.784
335.800,33.169
335.900,34.434
336.000,40.317
336.100,33.956
336.200,34.440
336.300,32.771
336.400,39.519
336.500,36.117
336.600,33.879
336.700,39.666
336.800,43.501
336.900,33.817
337.000,40.525
337.100,33.576
337.200,33.586
337.300,32.235
337.400,39.941
337.500,34.277
337.600,41.820
337.700,42.743
337.800,32.849
337.900,39.519
338.000,34.461
338.100,37.549
338.200,42.886
338.300,32.786
338.400,39.939
338.500,34.253
338.600,41.159
338.700,43.439
338.800,33.787
338.900,33.691
339.000,34.635
339.100,35.662
339.200,43.090
339.300,33.840
339.400,34.547
339.500,34.104
339.600,32.994
339.700,32.963
339.800,41.063
339.900,33.071
340.000,33.677
340.100,37.071
340.200,36.043
340.300,33.797
340.400,33.491
340.500,32.663
340.600,33.681
340.700,33.121
340.800,35.632
340.900,32.837
341.000,37.633
341.100,32.519
341.200,33.929
341.300,33.000
341.400,44.899
341.500,34.525
341.600,32.342
341.700,33.952
341.800,41.638
341.900,44.418
342.000,34.315
342.100,40.807
342.200,32.966
342.300,32.791
342.400,33.282
342.500,39.570
342.600,34.545
342.700,41.052
342.800,40.587
342.900,44.487
343.000,34.305
343.100,40.972
343.200,33.178
343.300,35.555
343.400,33.175
343.500,40.355
343.600,34.562
343.700,42.168
343.800,44.447
343.900,33.882
344.000,39.124
344.100,34.618
344.200,35.906
344.300,44.630
344.400,34.030
344.500,34.694
344.600,34.015
344.700,32.931
344.800,33.168
344.900,33.945
345.000,34.924
345.100,37.775
345.200,38.124
345.300,44.116
345.400,33.761
345.500,34.944
345.600,34.157
345.700,32.991
345.800,33.262
345.900,33.939
346.000,33.238
346.100,33.112
346.200,37.810
346.300,34.513
346.400,32.933
346.500,33.128
346.600,38.284
346.700,37.226
346.800,35.691
346.900,33.252
347.000,33.501
347.100,38.228
347.200,33.435
347.300,33.828
347.400,32.948
347.500,49.602
347.600,34.548
347.700,33.149
347.800,35.559
347.900,33.252
348.000,32.996
348.100,34.648
348.200,33.189
348.300,33.894
348.400,33.117
348.500,43.821
348.600,34.583
348.700,40.952
348.800,34.507
348.900,33.029
349.000,43.378
349.100,34.198
349.200,32.619
349.300,34.393
349.400,32.921
349.500,43.551
349.600,34.625
349.700,41.485
349.800,34.888
349.900,33.500
350.000,33.113
350.100,34.544
350.200,42.301
350.300,43.741
350.400,42.643
350.500,33.369
350.600,34.695
350.700,40.890
350.800,33.302
350.900,34.392
351.000,33.225
351.100,39.891
351.200,35.019
351.300,35.267
351.400,34.691
351.500,33.340
351.600,34.748
351.700,41.099
351.800,33.022
351.900,32.959
352.000,32.913
352.100,41.890
352.200,34.836
352.300,42.067
352.400,43.873
352.500,33.700
352.600,34.162
352.700,34.618
352.800,35.288
352.900,43.180
353.000,33.693
353.100,40.440
353.200,34.477
353.300,41.961
353.400,43.022
353.500,33.125
353.600,34.231
353.700,34.141
353.800,33.399
353.900,33.538
354.000,32.680
354.100,41.869
354.200,34.125
354.300,36.951
354.400,44.229
354.500,39.342
354.600,33.348
354.700,39.408
354.800,38.065
354.900,33.213
355.000,41.181
355.100,33.416
355.200,34.305
355.300,33.268
355.400,43.623
355.500,33.549
355.600,34.523
355.700,34.492
355.800,33.047
355.900,33.213
356.000,41.303
356.100,33.358
356.200,33.918
356.300,38.132
356.400,36.255
356.500,34.119
356.600,33.036
356.700,38.821
356.800,37.865
356.900,35.780
357.000,33.024
357.100,32.643
357.200,37.689
357.300,32.755
357.400,33.777
357.500,32.778
357.600,32.928
357.700,38.410
357.800,37.360
357.900,33.363
358.000,41.032
358.100,33.076
358.200,37.792
358.300,33.031
358.400,33.810
358.500,32.810
358.600,32.858
358.700,34.433
358.800,41.378
358.900,34.091
359.000,33.116
359.100,32.766
359.200,38.436
359.300,32.639
359.400,34.022
359.500,33.196
359.600,45.422
359.700,34.165
359.800,37.066
359.900,33.900
360.000,40.707
360.100,44.692
360.200,36.290
360.300,33.289
360.400,33.650
360.500,32.713
360.600,44.890
360.700,34.773
360.800,38.693
360.900,41.326
361.000,33.758
361.100,32.884
361.200,34.466
361.300,35.148
361.400,36.328
361.500,41.076
361.600,44.640
361.700,34.676
361.800,41.743
361.900,41.062
362.000,42.260
362.100,33.656
362.200,34.660
362.300,40.738
362.400,32.906
362.500,34.640
362.600,33.152
362.700,34.636
362.800,41.131
362.900,32.530
363.000,35.612
363.100,33.124
363.200,39.838
363.300,34.543
363.400,39.051
363.500,45.893
363.600,32.988
363.700,40.186
363.800,34.303
363.900,41.616
364.000,33.158
364.100,32.998
364.200,38.948
364.300,34.922
364.400,36.098
364.500,45.308
364.600,32.976
364.700,40.295
364.800,34.397
364.900,36.248
365.000,34.467
365.100,33.902
365.200,39.824
365.300,34.766
365.400,42.381
365.500,43.046
365.600,34.133
365.700,34.407
365.800,38.166
365.900,37.952
366.000,32.772
366.100,33.994
366.200,33.532
366.300,39.474
366.400,38.012
366.500,43.095
366.600,34.233
366.700,34.786
366.800,33.007
366.900,37.732
367.000,33.333
367.100,43.739
367.200,33.534
367.300,33.238
367.400,35.808
367.500,38.486
367.600,33.440
367.700,33.123
367.800,38.689
367.900,37.927
368.000,35.663
368.100,42.243
368.200,33.183
368.300,33.889
368.400,37.541
368.500,35.086
368.600,33.223
368.700,32.734
368.800,34.292
368.900,32.953
369.000,35.630
369.100,34.380
369.200,33.132
369.300,38.319
369.400,33.293
369.500,33.866
369.600,32.978
369.700,44.092
369.800,34.709
369.900,39.366
370.000,44.181
370.100,33.100
370.200,33.030
370.300,37.882
370.400,33.092
370.500,33.884
370.600,33.116
370.700,43.929
370.800,34.566
370.900,41.214
371.000,43.981
371.100,33.747
371.200,32.941
371.300,34.023
371.400,41.508
371.500,34.413
371.600,42.127
371.700,36.846
371.800,34.563
371.900,41.354
372.000,33.097
372.100,34.494
372.200,32.851
372.300,34.662
372.400,41.233
372.500,33.047
372.600,34.665
372.700,44.309
372.800,35.405
372.900,41.326
373.000,33.251
373.100,33.140
373.200,32.874
373.300,13.569
373.400,12.907
373.500,18.000
373.600,12.421
373.700,12.208
373.800,11.940
373.900,12.127
374.000,11.838
374.100,11.822
374.200,11.834
374.300,11.635
374.400,11.556
374.500,18.096
374.600,11.509
374.700,11.468
374.800,11.321
374.900,11.293
375.000,10.960
375.100,11.259
375.200,11.185
375.300,10.895
375.400,11.156
375.500,16.631
375.600,11.177
375.700,11.111
375.800,10.923
375.900,11.049
376.000,10.852
376.100,10.560
376.200,10.367
376.300,10.720
376.400,10.377
376.500,21.509
376.600,10.286
376.700,10.398
376.800,10.541
376.900,10.411
377.000,10.372
377.100,10.607
377.200,10.534
377.300,10.127
377.400,10.210
377.500,15.863
377.600,10.289
377.700,10.345
377.800,10.157
377.900,10.302
378.000,10.290
378.100,10.134
378.200,10.134
378.300,10.125
378.400,10.045
378.500,15.895
378.600,10.062
378.700,10.153
378.800,10.075
378.900,10.078
379.000,10.095
379.100,9.842
379.200,9.906
379.300,10.203
379.400,10.063
379.500,14.381
379.600,9.797
379.700,9.798
379.800,9.661
379.900,9.674
380.000,10.073
380.100,9.895
380.200,9.762
380.300,9.509
380.400,9.506
380.500,15.012
380.600,9.966
380.700,9.484
380.800,10.060
380.900,9.461
381.000,9.164
381.100,9.734
381.200,9.774
381.300,9.519
381.400,9.527
381.500,14.900
381.600,9.423
381.700,9.456
381.800,9.764
381.900,9.474
382.000,9.484
382.100,9.551
382.200,9.468
382.300,9.429
382.400,9.522
382.500,14.444
382.600,9.473
382.700,9.220
382.800,14.716
382.900,9.589
383.000,9.433
383.100,9.339
383.200,9.230
383.300,9.385
383.400,9.369
383.500,13.938
383.600,9.336
383.700,9.308
383.800,9.301
383.900,9.376
384.000,9.286
384.100,9.184
384.200,9.352
384.300,9.431
384.400,9.203
384.500,13.903
384.600,9.013
384.700,9.416
384.800,9.411
384.900,9.314
385.000,8.821
385.100,9.064
385.200,9.334
385.300,9.405
385.400,9.257
385.500,14.196
385.600,9.071
385.700,9.194
385.800,9.263
385.900,9.058
386.000,9.221
386.100,8.914
386.200,8.807
386.300,9.205
386.400,9.434
386.500,13.860
386.600,8.973
386.700,8.957
386.800,9.097
386.900,9.004
387.000,8.977
387.100,9.214
387.200,9.158
387.300,8.906
387.400,8.863
387.500,13.772
387.600,9.023
387.700,8.927
387.800,8.761
387.900,9.024
388.000,8.975
388.100,9.244
388.200,9.170
388.300,9.130
388.400,9.015
388.500,14.176
388.600,9.069
388.700,8.851
388.800,8.923
388.900,8.785
389.000,10.157
389.100,9.046
389.200,8.863
389.300,8.866
389.400,8.910
389.500,8.875
389.600,9.025
389.700,8.906
389.800,9.020
389.900,8.865
390.000,8.769
390.100,8.897
390.200,9.053
390.300,8.935
390.400,8.954
390.500,13.827
390.600,8.872
390.700,8.870
390.800,8.802
390.900,8.862
391.000,9.030
391.100,8.901
391.200,17.425
391.300,9.024
391.400,8.877
391.500,9.011
391.600,8.924
391.700,8.827
391.800,8.926
391.900,8.599
392.000,8.783
392.100,8.791
392.200,8.666
392.300,8.777
392.400,8.721
392.500,13.794
392.600,8.862
392.700,8.991
392.800,8.902
392.900,8.942
393.000,8.572
393.100,8.445
393.200,8.978
393.300,8.882
393.400,8.945
393.500,13.427
393.600,8.489
393.700,8.638
393.800,8.983
393.900,8.838
394.000,8.561
394.100,8.565
394.200,8.760
394.300,8.583
394.400,8.370
394.500,8.678
394.600,8.401
394.700,8.733
394.800,8.568
394.900,8.879
395.000,8.883
395.100,8.962
395.200,9.163
395.300,8.934
395.400,8.774
395.500,8.811
395.600,9.024
395.700,8.628
395.800,8.713
395.900,8.802
396.000,8.647
396.100,8.861
396.200,8.362
396.300,8.077
396.400,8.481
396.500,9.128
396.600,8.699
396.700,8.281
396.800,8.693
396.900,8.920
397.000,8.771
397.100,8.687
397.200,8.668
397.300,8.866
397.400,8.989
397.500,13.741
397.600,8.932
397.700,8.694
397.800,8.668
397.900,8.759
398.000,8.630
398.100,8.579
398.200,8.483
398.300,8.432
398.400,8.508
398.500,13.707
398.600,8.392
398.700,8.448
398.800,8.414
398.900,8.448
399.000,8.651
399.100,8.726
399.200,8.702
399.300,8.677
399.400,8.989
399.500,13.364
399.600,8.620
399.700,8.522
399.800,8.623
399.900,8.558
400.000,8.544
400.100,8.628
400.200,8.671
400.300,8.407
400.400,8.508
400.500,8.752
400.600,8.615
400.700,8.476
400.800,8.416
400.900,8.801
401.000,8.637
401.100,8.609
401.200,8.662
401.300,8.694
401.400,8.457
401.500,8.500
401.600,8.696
401.700,8.744
401.800,8.472
401.900,8.403
402.000,8.550
402.100,8.598
402.200,8.554
402.300,8.609
402.400,8.515
402.500,8.762
402.600,8.540
402.700,8.457
402.800,8.423
402.900,8.440
403.000,8.523
403.100,8.616
403.200,8.577
403.300,8.529
403.400,8.713
403.500,8.700
403.600,8.463
403.700,8.505
403.800,8.508
403.900,8.659
404.000,8.364
404.100,8.619
404.200,8.461
404.300,8.736
404.400,8.619
404.500,13.450
404.600,8.400
404.700,8.451
404.800,8.653
404.900,8.635
405.000,8.471
405.100,8.357
405.200,8.530
405.300,8.706
405.400,8.764
405.500,8.405
405.600,8.508
405.700,8.627
405.800,8.471
405.900,8.195
406.000,8.770
406.100,8.698
406.200,8.700
406.300,8.238
406.400,9.248
406.500,13.665
406.600,8.666
406.700,8.505
406.800,8.127
406.900,8.505
407.000,8.541
407.100,8.549
407.200,8.638
407.300,8.597
407.400,8.545
407.500,12.934
407.600,8.628
407.700,20.264
407.800,20.208
407.900,19.591
408.000,11.699
408.100,13.390
408.200,12.997
408.300,12.249
408.400,11.875
408.500,12.004
408.600,11.818
408.700,11.553
408.800,11.628
408.900,12.068
409.000,11.649
409.100,11.503
409.200,11.694
409.300,11.857
409.400,11.831
409.500,11.871
409.600,11.939
409.700,12.112
409.800,11.684
409.900,11.703
410.000,11.567
410.100,11.998
410.200,13.963
410.300,13.533
410.400,12.350
410.500,11.431
410.600,11.700
410.700,11.890
410.800,11.944
410.900,11.770
411.000,11.920
411.100,11.956
411.200,11.800
411.300,12.061
411.400,12.092
411.500,12.303
411.600,11.807
411.700,11.868
411.800,11.829
411.900,11.761
412.000,11.976
412.100,12.050
412.200,11.860
412.300,13.513
412.400,13.366
412.500,13.257
412.600,11.858
412.700,11.838
412.800,11.810
412.900,11.691
413.000,11.681
413.100,11.665
413.200,11.706
413.300,11.994
413.400,12.058
413.500,12.177
413.600,11.725
413.700,11.878
413.800,11.918
413.900,12.058
414.000,11.993
414.100,11.849
414.200,11.827
414.300,11.861
414.400,13.657
414.500,14.196
414.600,12.394
414.700,12.010
414.800,11.927
414.900,11.742
415.000,11.974
415.100,12.074
415.200,11.985
415.300,12.321
415.400,12.217
415.500,11.789
415.600,11.584
415.700,11.794
415.800,12.088
415.900,11.877
416.000,11.806
416.100,12.164
416.200,12.119
416.300,11.727
416.400,11.398
416.500,13.478
416.600,13.860
416.700,12.271
416.800,11.696
416.900,11.235
417.000,11.807
417.100,11.722
417.200,11.858
417.300,12.012
417.400,12.124
417.500,12.438
417.600,11.921
417.700,12.089
417.800,12.194
417.900,11.862
418.000,11.504
418.100,13.511
418.200,13.476
418.300,12.603
418.400,11.697
418.500,11.955
418.600,11.833
418.700,11.758
418.800,12.092
418.900,12.267
419.000,11.757
419.100,11.962
419.200,12.184
419.300,11.802
419.400,11.657
419.500,11.968
419.600,11.977
419.700,11.822
419.800,11.957
419.900,11.858
420.000,11.803
420.100,11.930
420.200,11.886
420.300,12.137
420.400,11.881
420.500,11.722
420.600,11.832
420.700,12.793
420.800,13.214
420.900,12.308
421.000,11.941
421.100,11.814
421.200,11.741
421.300,12.140
421.400,12.027
421.500,11.961
421.600,11.984
421.700,12.012
421.800,11.983
421.900,11.829
422.000,12.177
422.100,12.001
422.200,11.862
422.300,13.424
422.400,12.717
422.500,11.914
422.600,11.629
422.700,11.806
422.800,20.095
422.900,11.821
423.000,11.840
423.100,11.673
423.200,12.159
423.300,11.804
423.400,11.865
423.500,11.692
423.600,12.036
423.700,11.875
423.800,11.485
423.900,11.654
424.000,12.079
424.100,12.222
424.200,12.277
424.300,11.943
424.400,11.680
424.500,13.907
424.600,13.701
424.700,13.049
424.800,12.088
424.900,12.203
425.000,11.956
425.100,11.814
425.200,12.087
425.300,11.901
425.400,11.497
425.500,12.366
425.600,11.986
425.700,11.885
425.800,11.911
425.900,11.879
426.000,11.704
426.100,11.523
426.200,11.799
426.300,13.718
426.400,12.980
426.500,12.229
426.600,11.838
426.700,11.868
426.800,11.772
426.900,12.023
427.000,11.798
427.100,11.734
427.200,11.811
427.300,11.743
427.400,11.848
427.500,12.000
427.600,11.609
427.700,12.085
427.800,11.962
427.900,11.825
428.000,11.870
428.100,13.449
428.200,12.448
428.300,12.200
428.400,11.890
428.500,12.167
428.600,11.592
428.700,12.107
428.800,12.321
428.900,12.266
429.000,11.750
429.100,12.146
429.200,12.153
429.300,11.926
429.400,11.579
429.500,11.862
429.600,11.926
429.700,11.813
429.800,11.892
429.900,11.738
430.000,11.781
430.100,11.907
430.200,11.845
430.300,11.754
430.400,11.200
430.500,16.685
430.600,13.493
430.700,12.522
430.800,12.038
430.900,11.786
431.000,11.743
431.100,11.944
431.200,11.953
431.300,12.130
431.400,12.158
431.500,12.103
431.600,11.609
431.700,11.810
431.800,12.192
431.900,11.855
432.000,11.514
432.100,11.611
432.200,11.915
432.300,13.655
432.400,12.856
432.500,12.309
432.600,12.059
432.700,11.947
432.800,11.767
432.900,11.809
433.000,11.766
433.100,11.942
433.200,11.734
433.300,11.510
433.400,11.817
433.500,12.239
433.600,11.893
433.700,11.623
433.800,12.057
433.900,11.907
434.000,11.544
434.100,11.978
434.200,12.197
434.300,12.282
434.400,11.704
434.500,11.743
434.600,11.735
434.700,12.023
434.800,11.819
434.900,11.735
435.000,11.977
435.100,11.787
435.200,11.639
435.300,11.920
435.400,12.008
435.500,13.952
435.600,12.555
435.700,11.662
435.800,11.896
435.900,12.016
436.000,12.093
436.100,11.928
436.200,11.776
436.300,11.679
436.400,11.927
436.500,13.879
436.600,13.503
436.700,12.697
436.800,11.722
436.900,11.791
437.000,11.832
437.100,11.917
437.200,11.910
437.300,11.658
437.400,11.845
437.500,11.831
437.600,11.909
437.700,11.884
437.800,12.150
437.900,11.489
438.000,11.966
438.100,13.737
438.200,12.549
438.300,12.305
438.400,11.746
438.500,12.394
438.600,11.736
438.700,11.551
438.800,11.742
438.900,11.783
439.000,11.728
439.100,11.767
439.200,11.836
439.300,11.950
439.400,11.858
439.500,11.688
439.600,12.004
439.700,11.485
439.800,11.613
439.900,11.720
440.000,11.548
440.100,11.993
440.200,11.663
440.300,11.822
440.400,12.033
440.500,12.100
440.600,11.842
440.700,11.697
440.800,11.742
440.900,11.617
441.000,11.818
441.100,11.759
441.200,11.728
441.300,11.725
441.400,11.391
441.500,14.141
441.600,13.328
441.700,12.250
441.800,11.847
441.900,11.728
442.000,11.550
442.100,11.407
442.200,11.466
442.300,13.548
442.400,12.673
442.500,12.445
442.600,11.352
442.700,11.681
442.800,11.954
442.900,11.493
443.000,11.704
443.100,11.595
443.200,11.446
443.300,11.550
443.400,11.373
443.500,11.976
443.600,11.571
443.700,11.707
443.800,11.568
443.900,11.427
444.000,11.780
444.100,11.474
444.200,11.540
444.300,11.326
444.400,11.508
444.500,14.113
444.600,13.572
444.700,12.767
444.800,11.703
444.900,11.429
445.000,11.666
445.100,11.306
445.200,11.650
445.300,11.504
445.400,12.249
445.500,12.009
445.600,11.915
445.700,12.005
445.800,11.603
445.900,11.807
446.000,13.055
446.100,12.712
446.200,12.105
446.300,11.422
446.400,11.721
446.500,12.550
446.600,11.832
446.700,11.278
446.800,11.958
446.900,11.362
447.000,11.264
447.100,11.518
447.200,11.627
447.300,11.791
447.400,11.353
447.500,12.385
447.600,11.348
447.700,11.184
447.800,11.577
447.900,11.460
448.000,11.027
448.100,13.144
448.200,13.291
448.300,12.030
448.400,11.042
448.500,11.845
448.600,11.863
448.700,11.866
448.800,11.199
448.900,11.271
449.000,11.488
449.100,11.697
449.200,11.308
449.300,11.905
449.400,11.231
449.500,11.491
449.600,11.986
449.700,11.238
449.800,11.294
449.900,11.272
450.000,11.392
450.100,11.710
450.200,13.388
450.300,12.749
450.400,12.709
450.500,11.307
450.600,11.904
450.700,11.947
450.800,11.264
450.900,11.063
451.000,11.288
451.100,11.441
451.200,11.687
451.300,11.232
451.400,11.247
451.500,12.154
451.600,11.280
451.700,11.081
451.800,11.292
451.900,11.121
452.000,11.088
452.100,11.352
452.200,11.302
452.300,12.896
452.400,11.825
452.500,12.059
452.600,11.599
452.700,11.157
452.800,11.094
452.900,11.516
453.000,11.500
453.100,11.254
453.200,11.092
453.300,11.592
453.400,12.175
453.500,12.073
453.600,11.405
453.700,11.244
453.800,11.064
453.900,11.832
454.000,11.170
454.100,10.956
454.200,11.254
454.300,11.345
454.400,12.701
454.500,13.782
454.600,12.237
454.700,11.170
454.800,11.864
454.900,11.302
455.000,11.335
455.100,11.601
455.200,11.186
455.300,10.778
455.400,11.108
455.500,12.072
455.600,11.396
455.700,10.913
455.800,11.744
455.900,11.472
456.000,11.816
456.100,11.733
456.200,11.219
456.300,13.268
456.400,12.626
456.500,11.727
456.600,11.326
456.700,11.544
456.800,11.847
456.900,10.870
457.000,10.923
457.100,11.409
457.200,11.868
457.300,12.917
457.400,11.349
457.500,11.877
457.600,11.180
457.700,11.190
457.800,11.118
457.900,11.017
458.000,11.541
458.100,13.557
458.200,11.861
458.300,12.213
458.400,11.089
458.500,11.432
458.600,11.106
458.700,11.076
458.800,11.765
458.900,11.984
459.000,11.091
459.100,11.678
459.200,11.000
459.300,11.112
459.400,11.057
459.500,11.408
459.600,11.249
459.700,11.336
459.800,11.434
459.900,10.838
460.000,11.064
460.100,11.207
460.200,11.266
460.300,11.048
460.400,11.427
460.500,13.291
460.600,12.708
460.700,12.457
460.800,11.484
460.900,11.967
461.000,11.051
461.100,11.516
461.200,10.964
461.300,11.062
461.400,11.250
461.500,11.506
461.600,10.995
461.700,11.423
461.800,11.415
461.900,11.369
462.000,10.819
462.100,10.955
462.200,11.130
462.300,12.577
462.400,11.834
462.500,12.338
462.600,12.162
462.700,11.854
462.800,11.880
462.900,11.233
463.000,11.109
463.100,11.287
463.200,11.326
463.300,11.140
463.400,11.020
463.500,11.623
463.600,11.091
463.700,10.815
463.800,10.928
463.900,11.202
464.000,11.341
464.100,10.925
464.200,10.846
464.300,11.084
464.400,11.243
464.500,11.182
464.600,11.601
464.700,11.276
464.800,11.192
464.900,11.269
465.000,13.280
465.100,11.885
465.200,11.398
465.300,11.673
465.400,10.945
465.500,11.973
465.600,12.043
465.700,11.495
465.800,10.763
465.900,11.099
466.000,11.473
466.100,11.620
466.200,11.313
466.300,11.287
466.400,10.862
466.500,13.691
466.600,12.791
466.700,11.835
466.800,11.201
466.900,11.369
467.000,11.559
467.100,11.180
467.200,11.138
467.300,10.998
467.400,11.091
467.500,11.728
467.600,11.115
467.700,11.870
467.800,11.765
467.900,10.791
468.000,11.764
468.100,12.829
468.200,11.609
468.300,11.310
468.400,11.186
468.500,12.239
468.600,11.425
468.700,11.003
468.800,11.446
468.900,10.904
469.000,10.898
469.100,20.806
469.200,11.518
469.300,11.355
469.400,11.259
469.500,11.056
469.600,11.762
469.700,10.943
469.800,11.366
469.900,10.955
470.000,11.480
470.100,11.477
470.200,11.265
470.300,11.065
470.400,11.043
470.500,13.242
470.600,12.891
470.700,11.915
470.800,11.306
470.900,11.052
471.000,11.355
471.100,11.507
471.200,11.292
471.300,11.312
471.400,11.141
471.500,11.765
471.600,11.197
471.700,11.179
471.800,10.985
471.900,11.081
472.000,11.536
472.100,11.073
472.200,10.990
472.300,12.751
472.400,11.686
472.500,11.496
472.600,11.047
472.700,11.139
472.800,11.415
472.900,11.086
473.000,11.053
473.100,11.337
473.200,11.412
473.300,11.389
473.400,10.927
473.500,11.500
473.600,10.838
473.700,11.226
473.800,11.400
473.900,11.227
474.000,10.870
474.100,11.026
474.200,11.454
474.300,11.271
474.400,11.069
474.500,13.377
474.600,12.470
474.700,11.736
474.800,11.293
474.900,11.180
475.000,11.030
475.100,11.392
475.200,11.189
475.300,11.348
475.400,11.188
475.500,11.128
475.600,11.168
475.700,11.081
475.800,11.028
475.900,11.036
476.000,11.340
476.100,11.233
476.200,11.203
476.300,11.070
476.400,11.346
476.500,13.769
476.600,12.869
476.700,12.056
476.800,11.451
476.900,11.457
477.000,11.190
477.100,12.021
477.200,11.156
477.300,11.204
477.400,10.921
477.500,12.417
477.600,11.418
477.700,11.080
477.800,11.448
477.900,10.793
478.000,10.756
478.100,12.448
478.200,12.909
478.300,11.693
478.400,10.928
478.500,10.997
478.600,10.943
478.700,10.776
478.800,11.079
478.900,11.182
479.000,10.928
479.100,11.059
479.200,10.945
479.300,11.148
479.400,11.378
479.500,11.082
479.600,11.009
479.700,10.965
479.800,10.921
479.900,10.883
480.000,11.222
480.100,11.372
480.200,10.962
480.300,10.850
480.400,11.094
480.500,13.328
480.600,12.778
480.700,11.789
480.800,11.294
480.900,10.822
481.000,11.112
481.100,11.422
481.200,11.289
481.300,11.083
481.400,11.089
481.500,11.842
481.600,10.858
481.700,11.232
481.800,10.980
481.900,10.840
482.000,10.943
482.100,11.010
482.200,10.941
482.300,12.576
482.400,11.994
482.500,11.574
482.600,11.017
482.700,11.178
482.800,10.956
482.900,11.003
483.000,10.983
483.100,11.339
483.200,11.512
483.300,11.014
483.400,11.090
483.500,11.657
483.600,10.987
483.700,11.236
483.800,10.895
483.900,11.409
484.000,11.205
484.100,10.916
484.200,11.096
484.300,11.168
484.400,10.975
484.500,12.674
484.600,12.707
484.700,12.231
484.800,11.239
484.900,10.618
485.000,11.118
485.100,11.309
485.200,11.174
485.300,11.155
485.400,11.269
485.500,11.593
485.600,10.952
485.700,11.152
485.800,11.138
485.900,11.204
486.000,12.422
486.100,12.575
486.200,11.529
486.300,11.192
486.400,10.985
486.500,11.795
486.600,11.120
486.700,11.098
486.800,11.206
486.900,10.736
487.000,11.372
487.100,11.297
487.200,11.356
487.300,10.955
487.400,11.297
487.500,11.582
487.600,11.062
487.700,10.596
487.800,10.975
487.900,11.247
488.000,11.395
488.100,12.857
488.200,12.457
488.300,11.832
488.400,11.154
488.500,11.540
488.600,11.262
488.700,11.300
488.800,11.321
488.900,11.341
489.000,11.102
489.100,11.125
489.200,10.891
489.300,11.234
489.400,11.430
489.500,11.573
489.600,10.970
489.700,10.928
489.800,11.237
489.900,11.086
490.000,11.034
490.100,10.893
490.200,12.622
490.300,12.252
490.400,11.780
490.500,11.668
490.600,11.005
490.700,11.035
490.800,11.265
490.900,11.341
491.000,10.883
491.100,11.126
491.200,11.065
491.300,11.409
491.400,11.152
491.500,11.768
491.600,11.110
491.700,11.254
491.800,11.030
491.900,10.790
492.000,10.930
492.100,11.394
492.200,11.473
492.300,12.614
492.400,11.729
492.500,11.334
492.600,11.271
492.700,11.232
492.800,11.251
492.900,11.319
493.000,11.195
493.100,11.019
493.200,10.970
493.300,11.065
493.400,11.230
493.500,12.356
493.600,10.841
493.700,11.200
493.800,10.787
493.900,11.173
494.000,11.176
494.100,11.525
494.200,10.989
494.300,11.023
494.400,12.727
494.500,13.068
494.600,11.998
494.700,11.262
494.800,11.014
494.900,10.989
495.000,11.114
495.100,11.509
495.200,11.129
495.300,11.203
495.400,11.070
495.500,11.572
495.600,11.378
495.700,11.086
495.800,11.162
495.900,10.987
496.000,11.026
496.100,10.987
496.200,11.000
496.300,12.910
496.400,11.849
496.500,11.651
496.600,11.025
496.700,10.946
496.800,10.980
496.900,11.088
497.000,10.956
497.100,10.879
497.200,11.215
497.300,11.107
497.400,10.933
497.500,10.853
497.600,11.167
497.700,11.129
497.800,11.096
497.900,11.275
498.000,11.075
498.100,12.389
498.200,12.638
498.300,11.695
498.400,10.713
498.500,11.770
498.600,11.456
498.700,11.142
498.800,10.801
498.900,11.371
499.000,11.344
499.100,11.102
499.200,10.803
499.300,11.060
499.400,11.368
499.500,11.252
499.600,10.972
499.700,10.834
499.800,10.971
499.900,11.061
500.000,10.829
500.100,11.012
500.200,11.083
500.300,11.021
500.400,10.950
500.500,13.728
500.600,12.695
500.700,19.556
500.800,11.218
500.900,10.875
501.000,10.972
501.100,11.053
501.200,10.850
501.300,11.135
501.400,11.020
501.500,10.787
501.600,11.154
501.700,11.096
501.800,11.046
501.900,10.918
502.000,11.049
502.100,10.871
502.200,11.042
502.300,12.369
502.400,12.002
502.500,11.835
502.600,10.618
502.700,10.924
502.800,11.700
502.900,11.030
503.000,11.148
503.100,11.297
503.200,10.879
503.300,10.673
503.400,11.290
503.500,11.664
503.600,10.586
503.700,10.872
503.800,11.535
503.900,11.092
504.000,10.964
504.100,11.075
504.200,10.901
504.300,10.606
504.400,10.985
504.500,11.308
504.600,10.973
504.700,10.752
504.800,10.980
504.900,11.694
505.000,12.385
505.100,11.584
505.200,11.003
505.300,11.270
505.400,10.971
505.500,11.049
505.600,11.238
505.700,10.913
505.800,11.005
505.900,11.050
506.000,11.147
506.100,10.861
506.200,10.763
506.300,12.947
506.400,11.703
506.500,10.549
506.600,11.274
506.700,11.242
506.800,10.864
506.900,11.039
507.000,11.663
507.100,11.096
507.200,11.017
507.300,10.983
507.400,11.020
507.500,11.340
507.600,11.096
507.700,10.970
507.800,10.934
507.900,10.890
508.000,10.926
508.100,12.558
508.200,12.525
508.300,11.770
508.400,11.696
508.500,11.401
508.600,10.868
508.700,10.806
508.800,10.831
508.900,10.894
509.000,10.793
509.100,11.236
509.200,11.347
509.300,11.234
509.400,10.888
509.500,10.984
509.600,10.965
509.700,10.844
509.800,10.830
509.900,11.045
510.000,11.043
510.100,10.869
510.200,10.800
510.300,11.042
510.400,10.933
510.500,13.075
510.600,12.319
510.700,11.509
510.800,10.812
510.900,10.968
511.000,11.215
511.100,10.866
511.200,11.017
511.300,10.823
511.400,11.183
511.500,10.945
511.600,10.883
511.700,11.044
511.800,11.003
511.900,10.815
512.000,10.990
512.100,10.925
512.200,11.217
512.300,12.622
512.400,11.965
512.500,11.559
512.600,10.796
512.700,11.306
512.800,11.115
512.900,10.866
513.000,10.851
513.100,11.098
513.200,11.067
513.300,10.938
513.400,11.010
513.500,11.423
513.600,11.144
513.700,10.828
513.800,10.991
513.900,10.799
514.000,10.721
514.100,10.917
514.200,10.993
514.300,10.685
514.400,11.036
514.500,11.201
514.600,11.140
514.700,10.608
514.800,10.839
514.900,11.228
515.000,11.163
515.100,10.777
515.200,10.687
515.300,11.161
515.400,11.051
515.500,13.452
515.600,11.812
515.700,11.076
515.800,10.909
515.900,11.183
516.000,11.133
516.100,10.945
516.200,11.026
516.300,12.127
516.400,11.531
516.500,13.031
516.600,11.279
516.700,11.148
516.800,10.854
516.900,11.000
517.000,11.095
517.100,10.991
517.200,10.936
517.300,10.905
517.400,10.786
517.500,11.633
517.600,10.813
517.700,10.868
517.800,11.019
517.900,10.825
518.000,10.895
518.100,10.905
518.200,10.922
518.300,12.545
518.400,11.571
518.500,11.919
518.600,11.060
518.700,10.738
518.800,10.570
518.900,10.904
519.000,11.040
519.100,11.008
519.200,10.982
519.300,10.873
519.400,10.993
519.500,11.391
519.600,10.975
519.700,10.892
519.800,10.752
519.900,11.034
520.000,11.054
520.100,10.771
520.200,11.060
520.300,10.889
520.400,10.785
520.500,13.759
520.600,12.672
520.700,11.649
520.800,11.246
520.900,10.954
521.000,11.580
521.100,11.202
521.200,10.972
521.300,11.256
521.400,11.290
521.500,11.137
521.600,11.004
521.700,11.233
521.800,11.453
521.900,11.660
522.000,11.544
522.100,10.895
522.200,11.201
522.300,14.111
522.400,12.302
522.500,11.794
522.600,10.673
522.700,11.351
522.800,11.936
522.900,11.630
523.000,11.300
523.100,11.557
523.200,11.570
523.300,11.650
523.400,11.698
523.500,12.154
523.600,11.572
523.700,11.711
523.800,11.657
523.900,11.928
524.000,11.835
524.100,11.971
524.200,11.955
524.300,11.974
524.400,11.776
524.500,13.869
524.600,13.913
524.700,12.437
524.800,11.989
524.900,12.033
525.000,12.086
525.100,12.050
525.200,12.441
525.300,12.589
525.400,12.271
525.500,12.821
525.600,11.691
525.700,12.639
525.800,12.303
525.900,12.435
526.000,14.622
526.100,13.685
526.200,13.224
526.300,12.776
526.400,12.533
526.500,13.819
526.600,12.849
526.700,12.515
526.800,13.016
526.900,13.367
527.000,13.398
527.100,12.732
527.200,12.685
527.300,12.909
527.400,13.270
527.500,13.933
527.600,13.093
527.700,13.409
527.800,12.983
527.900,13.095
528.000,13.301
528.100,14.295
528.200,14.914
528.300,14.343
528.400,13.656
528.500,14.025
528.600,13.123
528.700,13.832
528.800,13.637
528.900,13.669
529.000,13.660
529.100,13.469
529.200,14.111
529.300,13.732
529.400,13.196
529.500,14.999
529.600,14.391
529.700,14.354
529.800,14.186
529.900,13.841
530.000,14.441
530.100,14.658
530.200,16.526
530.300,15.650
530.400,15.148
530.500,15.559
530.600,14.712
530.700,14.347
530.800,14.036
530.900,14.467
531.000,14.400
531.100,14.820
531.200,15.007
531.300,14.992
531.400,15.384
531.500,15.096
531.600,14.764
531.700,15.409
531.800,15.545
531.900,14.936
532.000,14.947
532.100,16.352
532.200,15.558
532.300,17.396
532.400,16.055
532.500,15.951
532.600,15.678
532.700,15.527
532.800,16.378
532.900,15.980
533.000,15.935
533.100,16.041
533.200,16.410
533.300,16.283
533.400,16.010
533.500,16.379
533.600,16.237
533.700,15.784
533.800,16.721
533.900,16.060
534.000,16.326
534.100,16.054
534.200,15.805
534.300,16.659
534.400,17.735
534.500,18.159
534.600,16.471
534.700,16.483
534.800,16.652
534.900,16.501
535.000,16.631
535.100,16.032
535.200,16.619
535.300,17.137
535.400,17.149
535.500,16.731
535.600,16.795
535.700,17.412
535.800,16.799
535.900,17.005
536.000,18.680
536.100,17.232
536.200,16.668
536.300,17.383
536.400,16.848
536.500,19.388
536.600,18.675
536.700,17.378
536.800,16.891
536.900,17.167
537.000,18.307
537.100,17.169
537.200,16.685
537.300,16.826
537.400,16.906
537.500,17.595
537.600,17.683
537.700,17.690
537.800,18.002
537.900,17.634
538.000,17.017
538.100,16.862
538.200,17.491
538.300,19.656
538.400,18.464
538.500,17.646
538.600,18.342
538.700,17.773
538.800,17.898
538.900,18.399
539.000,18.081
539.100,17.248
539.200,18.265
539.300,18.368
539.400,18.173
539.500,18.022
539.600,18.230
539.700,18.041
539.800,18.018
539.900,18.165
540.000,18.145
540.100,18.283
540.200,17.589
540.300,17.925
540.400,18.349
540.500,18.029
540.600,18.458
540.700,18.809
540.800,19.848
540.900,18.888
541.000,18.007
541.100,18.421
541.200,18.371
541.300,18.084
541.400,18.390
541.500,18.580
541.600,18.385
541.700,18.319
541.800,18.721
541.900,18.739
542.000,18.404
542.100,19.248
542.200,18.022
542.300,20.039
542.400,19.117
542.500,19.681
542.600,18.392
542.700,18.028
542.800,22.672
542.900,18.414
543.000,19.283
543.100,18.626
543.200,18.914
543.300,19.417
543.400,19.054
543.500,18.858
543.600,18.411
543.700,18.804
543.800,18.671
543.900,18.720
544.000,18.978
544.100,18.947
544.200,18.697
544.300,18.603
544.400,19.036
544.500,21.343
544.600,20.230
544.700,19.436
544.800,18.571
544.900,19.055
545.000,18.886
545.100,18.960
545.200,19.014
545.300,18.947
545.400,18.793
545.500,19.837
545.600,18.961
545.700,18.603
545.800,19.404
545.900,19.138
546.000,19.370
546.100,18.757
546.200,19.103
546.300,19.305
546.400,19.200
546.500,21.700
546.600,20.610
546.700,19.275
546.800,19.471
546.900,19.265
547.000,23.297
547.100,19.055
547.200,17.918
547.300,19.114
547.400,19.378
547.500,18.877
547.600,18.318
547.700,18.366
547.800,19.241
547.900,18.505
548.000,18.098
548.100,19.133
548.200,19.060
548.300,20.701
548.400,19.741
548.500,19.519
548.600,19.196
548.700,19.038
548.800,19.352
548.900,17.577
549.000,17.412
549.100,18.852
549.200,18.882
549.300,18.813
549.400,19.354
549.500,18.440
549.600,18.632
549.700,18.847
549.800,19.035
549.900,19.174
550.000,18.937
550.100,17.348
550.200,18.623
550.300,18.705
550.400,18.775
550.500,18.912
550.600,17.908
550.700,18.731
550.800,16.989
550.900,18.464
551.000,18.387
551.100,18.419
551.200,18.679
551.300,20.166
551.400,16.715
551.500,19.216
551.600,18.846
551.700,18.882
551.800,18.407
551.900,18.536
552.000,18.911
552.100,18.674
552.200,18.430
552.300,19.969
552.400,17.741
552.500,18.967
552.600,18.089
552.700,18.178
552.800,18.184
552.900,18.586
553.000,18.185
553.100,16.619
553.200,18.344
553.300,17.952
553.400,18.434
553.500,17.834
553.600,18.500
553.700,18.333
553.800,17.730
553.900,16.074
554.000,18.341
554.100,17.720
554.200,16.223
554.300,17.754
554.400,18.009
554.500,19.809
554.600,17.436
554.700,18.732
554.800,17.775
554.900,15.817
555.000,15.958
555.100,17.708
555.200,16.961
555.300,15.281
555.400,18.322
555.500,16.559
555.600,17.007
555.700,17.095
555.800,17.392
555.900,17.558
556.000,17.527
556.100,17.848
556.200,15.684
556.300,17.170
556.400,17.029
556.500,17.343
556.600,18.498
556.700,17.952
556.800,17.290
556.900,17.006
557.000,16.783
557.100,16.926
557.200,15.087
557.300,16.856
557.400,16.252
557.500,15.987
557.600,15.272
557.700,16.109
557.800,16.675
557.900,16.556
558.000,14.725
558.100,18.450
558.200,17.869
558.300,16.651
558.400,15.846
558.500,16.540
558.600,16.388
558.700,15.471
558.800,16.384
558.900,16.491
559.000,20.481
559.100,16.262
559.200,15.829
559.300,16.099
559.400,16.515
559.500,14.693
559.600,15.718
559.700,14.276
559.800,15.697
559.900,15.343
560.000,15.953
560.100,16.184
560.200,15.687
560.300,15.801
560.400,15.548
560.500,17.812
560.600,16.381
560.700,16.741
560.800,13.500
560.900,15.669
561.000,14.122
561.100,15.024
561.200,15.467
561.300,15.273
561.400,14.741
561.500,14.509
561.600,15.350
561.700,15.292
561.800,15.827
561.900,15.151
562.000,15.980
562.100,13.369
562.200,13.188
562.300,16.105
562.400,14.580
562.500,13.617
562.600,15.044
562.700,14.992
562.800,15.081
562.900,14.750
563.000,15.228
563.100,14.085
563.200,15.610
563.300,15.366
563.400,14.255
563.500,13.504
563.600,15.004
563.700,14.019
563.800,14.616
563.900,14.278
564.000,14.466
564.100,13.428
564.200,13.026
564.300,16.473
564.400,15.602
564.500,14.540
564.600,14.976
564.700,14.288
564.800,15.255
564.900,14.082
565.000,13.248
565.100,14.238
565.200,13.835
565.300,13.942
565.400,14.693
565.500,16.586
565.600,15.479
565.700,13.607
565.800,14.403
565.900,13.819
566.000,14.840
566.100,14.209
566.200,13.138
566.300,13.900
566.400,14.302
566.500,14.590
566.600,14.108
566.700,14.269
566.800,14.752
566.900,14.018
567.000,13.255
567.100,13.287
567.200,13.981
567.300,14.514
567.400,13.546
567.500,14.583
567.600,13.459
567.700,13.195
567.800,13.751
567.900,14.336
568.000,13.560
568.100,13.616
568.200,13.040
568.300,14.015
568.400,13.102
568.500,13.838
568.600,13.063
568.700,13.482
568.800,13.501
568.900,14.634
569.000,14.054
569.100,13.203
569.200,12.783
569.300,13.736
569.400,13.350
569.500,12.863
569.600,13.019
569.700,14.302
569.800,12.764
569.900,12.994
570.000,12.858
570.100,14.206
570.200,15.234
570.300,14.351
570.400,13.949
570.500,12.705
570.600,13.160
570.700,12.994
570.800,12.709
570.900,13.202
571.000,13.842
571.100,14.349
571.200,13.023
571.300,14.668
571.400,13.377
571.500,15.170
571.600,12.949
571.700,13.728
571.800,13.660
571.900,14.042
572.000,13.918
572.100,12.719
572.200,13.472
572.300,12.059
572.400,11.864
572.500,13.909
572.600,12.231
572.700,13.197
572.800,13.667
572.900,13.253
573.000,12.701
573.100,12.291
573.200,13.733
573.300,13.075
573.400,12.370
573.500,11.659
573.600,7.836
573.700,7.582
573.800,7.880
573.900,7.639
574.000,7.597
574.100,7.610
574.200,7.641
574.300,7.708
574.400,8.557
574.500,7.536
574.600,8.488
574.700,7.556
574.800,7.287
574.900,7.711
575.000,7.589
575.100,9.826
575.200,10.095
575.300,7.577
575.400,7.672
575.500,7.672
575.600,7.340
575.700,7.539
575.800,7.473
575.900,7.816
576.000,7.312
576.100,7.658
576.200,7.658
576.300,7.356
576.400,7.592
576.500,7.787
576.600,7.376
576.700,7.457
576.800,7.455
576.900,7.551
577.000,7.325
577.100,7.523
577.200,8.766
577.300,7.796
577.400,7.276
577.500,7.574
577.600,7.464
577.700,7.337
577.800,7.353
577.900,7.611
578.000,7.693
578.100,7.408
578.200,7.427
578.300,7.697
578.400,7.410
578.500,7.472
578.600,13.185
578.700,7.674
578.800,7.351
578.900,7.508
579.000,7.399
579.100,7.236
579.200,7.218
579.300,7.208
579.400,7.248
579.500,6.903
579.600,7.887
579.700,7.257
579.800,7.303
579.900,7.560
580.000,6.867
580.100,7.311
580.200,7.779
580.300,7.711
580.400,7.184
580.500,7.166
580.600,7.507
580.700,8.553
580.800,7.305
580.900,7.274
581.000,7.572
581.100,7.072
581.200,7.080
581.300,7.201
581.400,7.705
581.500,7.602
581.600,6.979
581.700,7.163
581.800,7.145
581.900,6.938
582.000,7.336
582.100,7.211
582.200,7.322
582.300,7.120
582.400,7.421
582.500,7.243
582.600,7.181
582.700,7.376
582.800,8.284
582.900,7.143
583.000,6.943
583.100,7.228
583.200,7.793
583.300,7.341
583.400,7.061
583.500,7.476
583.600,11.919
583.700,11.787
583.800,12.028
583.900,7.310
584.000,7.005
584.100,7.293
584.200,7.331
584.300,7.434
584.400,7.615
584.500,6.971
584.600,7.136
584.700,7.590
584.800,8.108
584.900,7.329
585.000,7.182
585.100,7.276
585.200,7.207
585.300,7.130
585.400,7.202
585.500,7.335
585.600,7.944
585.700,7.290
585.800,7.281
585.900,6.984
586.000,7.187
586.100,7.411
586.200,7.412
586.300,8.167
586.400,6.950
586.500,7.270
586.600,7.397
586.700,7.392
586.800,7.822
586.900,6.866
587.000,16.619
587.100,7.566
587.200,7.184
587.300,7.344
587.400,7.341
587.500,7.281
587.600,7.465
587.700,7.282
587.800,7.101
587.900,7.338
588.000,7.392
588.100,7.115
588.200,7.191
588.300,7.370
588.400,7.608
588.500,7.684
588.600,7.465
588.700,7.209
588.800,6.621
588.900,7.639
589.000,6.971
589.100,8.353
589.200,7.725
589.300,7.447
589.400,7.401
589.500,7.196
589.600,7.855
589.700,7.200
589.800,7.175
589.900,7.431
590.000,7.230
590.100,7.107
590.200,7.131
590.300,7.388
590.400,7.149
590.500,7.343
590.600,7.040
590.700,7.926
590.800,7.271
590.900,7.288
591.000,7.041
591.100,7.252
591.200,7.322
591.300,7.358
591.400,7.388
591.500,7.279
591.600,7.061
591.700,7.076
591.800,7.140
591.900,7.239
592.000,7.160
592.100,7.909
592.200,7.311
592.300,7.202
592.400,7.118
592.500,7.282
592.600,7.174
592.700,7.112
592.800,7.103
592.900,7.196
593.000,7.299
593.100,7.319
593.200,7.287
593.300,7.004
593.400,7.328
593.500,7.233
593.600,7.134
593.700,7.120
593.800,8.102
593.900,7.401
594.000,7.177
594.100,7.081
594.200,7.205
594.300,7.386
594.400,7.305
594.500,7.780
594.600,7.155
594.700,7.315
594.800,7.469
594.900,7.423
595.000,7.225
595.100,7.564
595.200,7.023
595.300,6.970
595.400,7.341
595.500,7.449
595.600,7.076
595.700,6.917
595.800,7.285
595.900,7.413
596.000,7.067
596.100,7.104
596.200,7.197
596.300,7.441
596.400,7.105
596.500,7.012
596.600,7.062
596.700,7.228
596.800,7.188
596.900,7.034
597.000,7.040
597.100,7.378
597.200,7.363
597.300,7.161
597.400,7.154
597.500,7.165
597.600,7.118
597.700,7.449
597.800,7.324
597.900,8.216
598.000,7.301
598.100,7.444
598.200,7.088
598.300,7.073
598.400,7.283
598.500,7.182
598.600,7.355
598.700,7.045
598.800,7.300
598.900,7.345
599.000,8.908
599.100,7.261
599.200,6.968
599.300,7.231
599.400,7.481
599.500,7.075
599.600,7.166
599.700,7.500
599.800,7.210
599.900,7.484
